[TCP]>Tx > 16:18:36:792 : 04  97  00  00  00  06  01  03  00  00  00  1B  
[TCP]>Rx > 16:18:36:792 : 04  97  00  00  00  39  01  03  36  00  15  00  10  00  18  00  1F  00  0D  00  19  00  16  00  0D  00  1F  00  11  00  12  00  1C  00  11  00  10  00  09  00  15  00  0A  00  10  00  0A  00  10  00  16  00  0F  00  11  00  08  00  10  00  0E  00  10  
[TCP]>Tx > 16:18:41:791 : 04  98  00  00  00  06  01  03  00  00  00  1B  
[TCP]>Rx > 16:18:41:806 : 04  98  00  00  00  39  01  03  36  00  15  00  0E  00  18  00  20  00  0D  00  19  00  16  00  0D  00  1F  00  11  00  14  00  1D  00  11  00  10  00  09  00  14  00  0C  00  10  00  0C  00  0E  00  15  00  12  00  0E  00  0A  00  11  00  0E  00  10  
[TCP]>Tx > 16:18:46:796 : 04  99  00  00  00  06  01  03  00  00  00  1B  
[TCP]>Rx > 16:18:46:805 : 04  99  00  00  00  39  01  03  36  00  12  00  10  00  18  00  20  00  0C  00  18  00  1A  00  0D  00  1D  00  11  00  13  00  1D  00  11  00  13  00  09  00  15  00  09  00  11  00  06  00  10  00  14  00  11  00  0C  00  0A  00  11  00  0E  00  0E  
[TCP]>Tx > 16:18:51:794 : 04  9A  00  00  00  06  01  03  00  00  00  1B  
[TCP]>Rx > 16:18:51:794 : 04  9A  00  00  00  39  01  03  36  00  14  00  11  00  18  00  22  00  0C  00  17  00  1B  00  0C  00  1F  00  11  00  15  00  1C  00  10  00  10  00  08  00  16  00  0C  00  12  00  09  00  10  00  16  00  11  00  0D  00  0A  00  10  00  0D  00  10  
[TCP]>Tx > 16:18:56:792 : 04  9B  00  00  00  06  01  03  00  00  00  1B  
[TCP]>Rx > 16:18:56:808 : 04  9B  00  00  00  39  01  03  36  00  15  00  11  00  16  00  23  00  0D  00  19  00  19  00  0D  00  1F  00  11  00  13  00  1D  00  11  00  11  00  08  00  16  00  0C  00  11  00  09  00  13  00  15  00  10  00  0D  00  09  00  10  00  0D  00  10  
[TCP]>Tx > 16:19:01:791 : 04  9C  00  00  00  06  01  03  00  00  00  1B  
[TCP]>Rx > 16:19:01:822 : 04  9C  00  00  00  39  01  03  36  00  14  00  11  00  16  00  1F  00  0C  00  1B  00  18  00  0C  00  1E  00  11  00  14  00  1B  00  12  00  12  00  09  00  16  00  0A  00  13  00  06  00  0D  00  16  00  12  00  0D  00  08  00  10  00  0E  00  10  
[TCP]>Tx > 16:19:06:790 : 04  9D  00  00  00  06  01  03  00  00  00  1B  
[TCP]>Rx > 16:19:06:806 : 04  9D  00  00  00  39  01  03  36  00  14  00  11  00  16  00  20  00  0D  00  1B  00  1A  00  0D  00  1F  00  11  00  13  00  1E  00  12  00  11  00  09  00  14  00  09  00  0E  00  09  00  0D  00  15  00  11  00  0D  00  09  00  10  00  0E  00  11  
[TCP]>Tx > 16:19:11:804 : 04  9E  00  00  00  06  01  03  00  00  00  1B  
[TCP]>Rx > 16:19:11:804 : 04  9E  00  00  00  39  01  03  36  00  14  00  12  00  18  00  20  00  0C  00  18  00  17  00  0C  00  1F  00  11  00  13  00  1D  00  11  00  11  00  0A  00  1A  00  0A  00  11  00  09  00  0E  00  14  00  0E  00  0D  00  09  00  10  00  0E  00  10  
[TCP]>Tx > 16:19:16:803 : 04  9F  00  00  00  06  01  03  00  00  00  1B  
[TCP]>Rx > 16:19:16:819 : 04  9F  00  00  00  39  01  03  36  00  15  00  11  00  18  00  20  00  0C  00  1B  00  17  00  0D  00  1F  00  11  00  13  00  20  00  12  00  12  00  0A  00  16  00  0A  00  0E  00  09  00  0E  00  15  00  10  00  0D  00  09  00  10  00  0D  00  10  
[TCP]>Tx > 16:19:21:818 : 04  A0  00  00  00  06  01  03  00  00  00  1B  
[TCP]>Rx > 16:19:21:818 : 04  A0  00  00  00  39  01  03  36  00  13  00  10  00  18  00  1F  00  0D  00  1B  00  19  00  0D  00  1D  00  12  00  11  00  20  00  11  00  11  00  05  00  18  00  0C  00  10  00  09  00  0C  00  14  00  10  00  0D  00  0A  00  10  00  0D  00  11  
[TCP]>Tx > 16:19:26:832 : 04  A1  00  00  00  06  01  03  00  00  00  1B  
[TCP]>Rx > 16:19:26:863 : 04  A1  00  00  00  39  01  03  36  00  12  00  10  00  18  00  1B  00  0C  00  1A  00  1A  00  0D  00  1F  00  11  00  14  00  1E  00  11  00  11  00  0A  00  15  00  0A  00  10  00  09  00  0E  00  15  00  0E  00  0C  00  09  00  10  00  0E  00  0E  
[TCP]>Tx > 16:19:31:831 : 04  A2  00  00  00  06  01  03  00  00  00  1B  
[TCP]>Rx > 16:19:31:862 : 04  A2  00  00  00  39  01  03  36  00  15  00  11  00  16  00  22  00  0D  00  1A  00  19  00  0E  00  20  00  11  00  14  00  1C  00  12  00  14  00  06  00  15  00  0C  00  10  00  0A  00  0E  00  15  00  10  00  0D  00  0A  00  10  00  0D  00  10  
[TCP]>Tx > 16:19:36:830 : 04  A3  00  00  00  06  01  03  00  00  00  1B  
[TCP]>Rx > 16:19:36:830 : 04  A3  00  00  00  39  01  03  36  00  15  00  11  00  16  00  20  00  0C  00  19  00  19  00  0D  00  22  00  11  00  15  00  21  00  11  00  11  00  09  00  16  00  0C  00  0E  00  09  00  0D  00  15  00  10  00  0D  00  08  00  10  00  0D  00  10  
[TCP]>Tx > 16:19:41:829 : 04  A4  00  00  00  06  01  03  00  00  00  1B  
[TCP]>Rx > 16:19:41:829 : 04  A4  00  00  00  39  01  03  36  00  14  00  11  00  15  00  20  00  0F  00  18  00  17  00  0E  00  20  00  10  00  12  00  1F  00  12  00  11  00  08  00  16  00  0C  00  0E  00  09  00  0E  00  14  00  0E  00  0D  00  09  00  10  00  0E  00  10  
[TCP]>Tx > 16:19:46:827 : 04  A5  00  00  00  06  01  03  00  00  00  1B  
[TCP]>Rx > 16:19:46:827 : 04  A5  00  00  00  39  01  03  36  00  15  00  12  00  17  00  20  00  0D  00  18  00  19  00  0E  00  20  00  14  00  13  00  22  00  14  00  11  00  09  00  15  00  0C  00  0E  00  09  00  0E  00  14  00  10  00  0D  00  09  00  0F  00  0D  00  11  
[TCP]>Tx > 16:19:51:826 : 04  A6  00  00  00  06  01  03  00  00  00  1B  
[TCP]>Rx > 16:19:51:826 : 04  A6  00  00  00  39  01  03  36  00  14  00  12  00  16  00  21  00  0E  00  19  00  15  00  0E  00  20  00  12  00  14  00  1E  00  11  00  12  00  09  00  16  00  0A  00  0E  00  0A  00  0E  00  13  00  10  00  0D  00  09  00  10  00  0D  00  10  
[TCP]>Tx > 16:19:56:825 : 04  A7  00  00  00  06  01  03  00  00  00  1B  
[TCP]>Rx > 16:19:56:856 : 04  A7  00  00  00  39  01  03  36  00  17  00  11  00  18  00  20  00  0C  00  19  00  18  00  0B  00  21  00  12  00  14  00  20  00  11  00  12  00  09  00  16  00  0A  00  0E  00  0A  00  0E  00  12  00  10  00  0D  00  09  00  10  00  0D  00  10  
[TCP]>Tx > 16:20:01:824 : 04  A8  00  00  00  06  01  03  00  00  00  1B  
[TCP]>Rx > 16:20:01:839 : 04  A8  00  00  00  39  01  03  36  00  13  00  10  00  19  00  20  00  0C  00  1C  00  19  00  0C  00  1B  00  12  00  14  00  1E  00  10  00  12  00  08  00  15  00  0C  00  10  00  0A  00  0E  00  14  00  10  00  0D  00  09  00  11  00  0D  00  11  
[TCP]>Tx > 16:20:06:823 : 04  A9  00  00  00  06  01  03  00  00  00  1B  
[TCP]>Rx > 16:20:06:838 : 04  A9  00  00  00  39  01  03  36  00  14  00  12  00  14  00  1D  00  0D  00  1A  00  1C  00  0E  00  21  00  11  00  14  00  21  00  11  00  11  00  08  00  14  00  0A  00  10  00  0A  00  0E  00  14  00  10  00  0D  00  09  00  10  00  0E  00  0E  
[TCP]>Tx > 16:20:11:821 : 04  AA  00  00  00  06  01  03  00  00  00  1B  
[TCP]>Rx > 16:20:11:837 : 04  AA  00  00  00  39  01  03  36  00  14  00  11  00  1A  00  21  00  0C  00  19  00  19  00  0C  00  1F  00  12  00  12  00  20  00  11  00  12  00  08  00  15  00  0A  00  10  00  09  00  0D  00  14  00  10  00  0D  00  09  00  11  00  0C  00  0E  
[TCP]>Tx > 16:20:16:820 : 04  AB  00  00  00  06  01  03  00  00  00  1B  
[TCP]>Rx > 16:20:16:820 : 04  AB  00  00  00  39  01  03  36  00  11  00  12  00  14  00  25  00  0D  00  1A  00  17  00  0C  00  20  00  12  00  14  00  20  00  10  00  11  00  09  00  15  00  0A  00  10  00  0A  00  0C  00  14  00  10  00  0C  00  09  00  10  00  0D  00  11  
[TCP]>Tx > 16:20:21:835 : 04  AC  00  00  00  06  01  03  00  00  00  1B  
[TCP]>Rx > 16:20:21:866 : 04  AC  00  00  00  39  01  03  36  00  15  00  10  00  18  00  20  00  0C  00  1B  00  19  00  0C  00  1D  00  12  00  12  00  26  00  11  00  12  00  09  00  15  00  0A  00  0E  00  0A  00  0C  00  15  00  10  00  0D  00  0A  00  11  00  11  00  12  
[TCP]>Tx > 16:20:26:834 : 04  AD  00  00  00  06  01  03  00  00  00  1B  
[TCP]>Rx > 16:20:26:849 : 04  AD  00  00  00  39  01  03  36  00  15  00  11  00  16  00  1D  00  0C  00  1A  00  19  00  0C  00  20  00  12  00  14  00  23  00  13  00  12  00  09  00  15  00  0B  00  0F  00  0B  00  0C  00  16  00  10  00  0D  00  0B  00  0E  00  0C  00  11  
[TCP]>Tx > 16:20:31:832 : 04  AE  00  00  00  06  01  03  00  00  00  1B  
[TCP]>Rx > 16:20:31:848 : 04  AE  00  00  00  39  01  03  36  00  16  00  13  00  18  00  1E  00  0C  00  1B  00  15  00  0C  00  1F  00  12  00  12  00  21  00  11  00  12  00  08  00  15  00  0C  00  10  00  08  00  0D  00  15  00  14  00  0E  00  0A  00  11  00  0E  00  0D  
[TCP]>Tx > 16:20:36:831 : 04  AF  00  00  00  06  01  03  00  00  00  1B  
[TCP]>Rx > 16:20:36:831 : 04  AF  00  00  00  39  01  03  36  00  15  00  13  00  17  00  1F  00  0D  00  1B  00  18  00  0C  00  20  00  11  00  14  00  24  00  12  00  11  00  07  00  15  00  0A  00  10  00  0A  00  0E  00  15  00  10  00  0D  00  08  00  10  00  0E  00  11  
