[TCP]>Tx > 16:01:46:752 : 03  CD  00  00  00  06  01  03  00  00  00  1B  
[TCP]>Rx > 16:01:46:752 : 03  CD  00  00  00  39  01  03  36  00  12  00  13  00  1A  00  23  00  0D  00  18  00  18  00  0C  00  20  00  10  00  13  00  1D  00  10  00  13  00  09  00  14  00  0C  00  0D  00  0A  00  0E  00  15  00  10  00  0D  00  06  00  10  00  11  00  12  
[TCP]>Tx > 16:01:51:751 : 03  CE  00  00  00  06  01  03  00  00  00  1B  
[TCP]>Rx > 16:01:51:751 : 03  CE  00  00  00  39  01  03  36  00  14  00  0E  00  18  00  21  00  0D  00  1B  00  19  00  0C  00  20  00  11  00  14  00  19  00  10  00  10  00  09  00  18  00  0C  00  0D  00  0A  00  0D  00  13  00  10  00  11  00  09  00  11  00  11  00  12  
[TCP]>Tx > 16:01:56:742 : 03  CF  00  00  00  06  01  03  00  00  00  1B  
[TCP]>Rx > 16:01:56:742 : 03  CF  00  00  00  39  01  03  36  00  15  00  12  00  16  00  21  00  0C  00  18  00  18  00  0D  00  20  00  11  00  12  00  1C  00  0E  00  12  00  08  00  14  00  0C  00  0E  00  0A  00  0E  00  14  00  10  00  0C  00  0A  00  11  00  0E  00  10  
[TCP]>Tx > 16:02:01:757 : 03  D0  00  00  00  06  01  03  00  00  00  1B  
[TCP]>Rx > 16:02:01:788 : 03  D0  00  00  00  39  01  03  36  00  14  00  13  00  15  00  20  00  0C  00  17  00  15  00  0C  00  21  00  10  00  14  00  1A  00  10  00  11  00  08  00  15  00  0C  00  10  00  08  00  0E  00  12  00  10  00  0C  00  0A  00  10  00  0D  00  0E  
[TCP]>Tx > 16:02:06:756 : 03  D1  00  00  00  06  01  03  00  00  00  1B  
[TCP]>Rx > 16:02:06:771 : 03  D1  00  00  00  39  01  03  36  00  13  00  12  00  16  00  20  00  0D  00  19  00  15  00  0D  00  20  00  10  00  13  00  1C  00  10  00  13  00  08  00  16  00  0D  00  10  00  09  00  0D  00  15  00  11  00  0C  00  09  00  11  00  0C  00  11  
[TCP]>Tx > 16:02:11:754 : 03  D2  00  00  00  06  01  03  00  00  00  1B  
[TCP]>Rx > 16:02:11:754 : 03  D2  00  00  00  39  01  03  36  00  15  00  13  00  18  00  23  00  0C  00  1B  00  16  00  0C  00  20  00  10  00  13  00  1B  00  10  00  11  00  0A  00  13  00  0A  00  10  00  0C  00  0C  00  15  00  0D  00  0E  00  09  00  11  00  0D  00  10  
[TCP]>Tx > 16:02:16:753 : 03  D3  00  00  00  06  01  03  00  00  00  1B  
[TCP]>Rx > 16:02:16:753 : 03  D3  00  00  00  39  01  03  36  00  13  00  11  00  17  00  23  00  0D  00  18  00  16  00  0C  00  20  00  0E  00  11  00  1C  00  10  00  14  00  06  00  11  00  0A  00  11  00  08  00  0E  00  13  00  10  00  0C  00  09  00  0E  00  0D  00  10  
[TCP]>Tx > 16:02:21:752 : 03  D4  00  00  00  06  01  03  00  00  00  1B  
[TCP]>Rx > 16:02:21:768 : 03  D4  00  00  00  39  01  03  36  00  12  00  12  00  18  00  20  00  0C  00  19  00  16  00  0D  00  20  00  10  00  14  00  18  00  11  00  0F  00  06  00  15  00  0E  00  11  00  0A  00  0C  00  14  00  10  00  0C  00  0A  00  10  00  0E  00  10  
[TCP]>Tx > 16:02:26:752 : 03  D5  00  00  00  06  01  03  00  00  00  1B  
[TCP]>Rx > 16:02:26:767 : 03  D5  00  00  00  39  01  03  36  00  14  00  12  00  16  00  23  00  0D  00  19  00  18  00  0D  00  20  00  10  00  17  00  1D  00  11  00  14  00  0A  00  15  00  0D  00  12  00  0C  00  0D  00  16  00  0E  00  0D  00  08  00  11  00  0D  00  0E  
[TCP]>Tx > 16:02:31:751 : 03  D6  00  00  00  06  01  03  00  00  00  1B  
[TCP]>Rx > 16:02:31:766 : 03  D6  00  00  00  39  01  03  36  00  15  00  11  00  16  00  1F  00  0D  00  18  00  13  00  0C  00  20  00  12  00  13  00  21  00  11  00  11  00  06  00  16  00  09  00  0B  00  09  00  0D  00  13  00  10  00  0D  00  08  00  11  00  0D  00  10  
[TCP]>Tx > 16:02:36:749 : 03  D7  00  00  00  06  01  03  00  00  00  1B  
[TCP]>Rx > 16:02:36:765 : 03  D7  00  00  00  39  01  03  36  00  14  00  11  00  16  00  20  00  0C  00  19  00  13  00  0B  00  1F  00  10  00  17  00  1F  00  11  00  16  00  06  00  16  00  0A  00  0E  00  0A  00  0D  00  13  00  10  00  0C  00  09  00  11  00  0E  00  10  
[TCP]>Tx > 16:02:41:748 : 03  D8  00  00  00  06  01  03  00  00  00  1B  
[TCP]>Rx > 16:02:41:779 : 03  D8  00  00  00  39  01  03  36  00  14  00  10  00  18  00  21  00  0C  00  1A  00  14  00  0D  00  1F  00  12  00  19  00  20  00  10  00  12  00  08  00  15  00  0A  00  0E  00  09  00  0D  00  14  00  10  00  0D  00  09  00  10  00  0E  00  0E  
[TCP]>Tx > 16:02:46:747 : 03  D9  00  00  00  06  01  03  00  00  00  1B  
[TCP]>Rx > 16:02:46:778 : 03  D9  00  00  00  39  01  03  36  00  14  00  11  00  18  00  21  00  0C  00  17  00  15  00  0D  00  21  00  12  00  13  00  1C  00  11  00  14  00  08  00  14  00  0A  00  0E  00  09  00  0D  00  14  00  0E  00  0D  00  08  00  10  00  0D  00  10  
[TCP]>Tx > 16:02:51:746 : 03  DA  00  00  00  06  01  03  00  00  00  1B  
[TCP]>Rx > 16:02:51:777 : 03  DA  00  00  00  39  01  03  36  00  12  00  11  00  16  00  24  00  0A  00  1C  00  15  00  0A  00  21  00  12  00  14  00  1D  00  10  00  0F  00  09  00  14  00  0C  00  0E  00  09  00  0D  00  14  00  10  00  0D  00  09  00  11  00  0D  00  10  
[TCP]>Tx > 16:02:56:745 : 03  DB  00  00  00  06  01  03  00  00  00  1B  
[TCP]>Rx > 16:02:56:776 : 03  DB  00  00  00  39  01  03  36  00  14  00  11  00  18  00  21  00  0D  00  1A  00  19  00  0A  00  21  00  11  00  14  00  1F  00  10  00  14  00  08  00  14  00  0A  00  0E  00  09  00  0E  00  13  00  10  00  0D  00  09  00  10  00  0D  00  10  
[TCP]>Tx > 16:03:01:743 : 03  DC  00  00  00  06  01  03  00  00  00  1B  
[TCP]>Rx > 16:03:01:759 : 03  DC  00  00  00  39  01  03  36  00  15  00  11  00  15  00  20  00  0E  00  1B  00  15  00  0E  00  1F  00  11  00  12  00  1B  00  0E  00  11  00  08  00  13  00  0C  00  0E  00  09  00  0E  00  14  00  10  00  0C  00  08  00  10  00  0D  00  11  
[TCP]>Tx > 16:03:06:742 : 03  DD  00  00  00  06  01  03  00  00  00  1B  
[TCP]>Rx > 16:03:06:758 : 03  DD  00  00  00  39  01  03  36  00  14  00  10  00  16  00  1C  00  0D  00  1A  00  15  00  0D  00  21  00  12  00  13  00  1B  00  10  00  12  00  08  00  14  00  0A  00  10  00  0A  00  0D  00  14  00  0E  00  0D  00  09  00  10  00  0D  00  0F  
[TCP]>Tx > 16:03:11:770 : 03  DE  00  00  00  06  01  03  00  00  00  1B  
[TCP]>Rx > 16:03:11:786 : 03  DE  00  00  00  39  01  03  36  00  15  00  10  00  1A  00  22  00  0D  00  1A  00  13  00  0A  00  20  00  14  00  11  00  1B  00  10  00  11  00  08  00  14  00  0C  00  0E  00  09  00  0C  00  15  00  10  00  0C  00  09  00  10  00  0C  00  0E  
[TCP]>Tx > 16:03:16:766 : 03  DF  00  00  00  06  01  03  00  00  00  1B  
[TCP]>Rx > 16:03:16:782 : 03  DF  00  00  00  39  01  03  36  00  16  00  11  00  15  00  23  00  0D  00  19  00  17  00  0D  00  20  00  11  00  13  00  20  00  10  00  14  00  08  00  15  00  0A  00  10  00  08  00  0E  00  14  00  10  00  0C  00  09  00  10  00  0D  00  11  
[TCP]>Tx > 16:03:21:762 : 03  E0  00  00  00  06  01  03  00  00  00  1B  
[TCP]>Rx > 16:03:21:762 : 03  E0  00  00  00  39  01  03  36  00  15  00  11  00  19  00  21  00  0A  00  18  00  14  00  0C  00  1F  00  11  00  12  00  1B  00  10  00  11  00  09  00  15  00  0A  00  10  00  09  00  0D  00  14  00  0E  00  0D  00  09  00  10  00  0E  00  0E  
[TCP]>Tx > 16:03:26:762 : 03  E1  00  00  00  06  01  03  00  00  00  1B  
[TCP]>Rx > 16:03:26:762 : 03  E1  00  00  00  39  01  03  36  00  14  00  10  00  18  00  20  00  0C  00  19  00  15  00  0C  00  21  00  10  00  14  00  22  00  11  00  13  00  09  00  14  00  0A  00  0E  00  09  00  0C  00  15  00  0E  00  0D  00  09  00  11  00  10  00  10  
[TCP]>Tx > 16:03:31:760 : 03  E2  00  00  00  06  01  03  00  00  00  1B  
[TCP]>Rx > 16:03:31:792 : 03  E2  00  00  00  39  01  03  36  00  18  00  11  00  1A  00  21  00  0E  00  1A  00  18  00  0C  00  1F  00  12  00  12  00  1C  00  11  00  11  00  09  00  15  00  0C  00  0F  00  09  00  0D  00  14  00  10  00  0E  00  0A  00  12  00  0E  00  12  
[TCP]>Tx > 16:03:36:759 : 03  E3  00  00  00  06  01  03  00  00  00  1B  
[TCP]>Rx > 16:03:36:790 : 03  E3  00  00  00  39  01  03  36  00  14  00  12  00  18  00  1F  00  0D  00  16  00  16  00  0D  00  21  00  11  00  14  00  22  00  10  00  14  00  09  00  15  00  0C  00  0E  00  09  00  0E  00  15  00  10  00  10  00  0B  00  10  00  0D  00  11  
[TCP]>Tx > 16:03:41:758 : 03  E4  00  00  00  06  01  03  00  00  00  1B  
[TCP]>Rx > 16:03:41:789 : 03  E4  00  00  00  39  01  03  36  00  14  00  12  00  16  00  1F  00  0D  00  19  00  15  00  0C  00  1D  00  11  00  12  00  1C  00  10  00  11  00  09  00  15  00  0A  00  10  00  0A  00  0D  00  15  00  10  00  0D  00  09  00  10  00  0E  00  11  
[TCP]>Tx > 16:03:46:772 : 03  E5  00  00  00  06  01  03  00  00  00  1B  
[TCP]>Rx > 16:03:46:772 : 03  E5  00  00  00  39  01  03  36  00  13  00  14  00  1B  00  1D  00  0D  00  1A  00  18  00  0C  00  21  00  10  00  14  00  25  00  11  00  14  00  08  00  15  00  0A  00  0E  00  09  00  0E  00  15  00  10  00  0C  00  0A  00  13  00  0E  00  11  
