[TCP]>Tx > 16:15:21:799 : 04  70  00  00  00  06  01  03  00  00  00  1B  
[TCP]>Rx > 16:15:21:815 : 04  70  00  00  00  39  01  03  36  00  14  00  11  00  17  00  1F  00  0E  00  19  00  14  00  0C  00  23  00  10  00  15  00  20  00  11  00  14  00  09  00  16  00  0A  00  10  00  0A  00  0D  00  15  00  10  00  0D  00  0A  00  10  00  0E  00  10  
[TCP]>Tx > 16:15:26:798 : 04  71  00  00  00  06  01  03  00  00  00  1B  
[TCP]>Rx > 16:15:26:845 : 04  71  00  00  00  39  01  03  36  00  15  00  10  00  17  00  21  00  0D  00  18  00  18  00  0E  00  20  00  12  00  11  00  20  00  10  00  11  00  09  00  15  00  0A  00  10  00  09  00  0D  00  15  00  10  00  0C  00  09  00  0E  00  0E  00  0E  
[TCP]>Tx > 16:15:31:797 : 04  72  00  00  00  06  01  03  00  00  00  1B  
[TCP]>Rx > 16:15:31:828 : 04  72  00  00  00  39  01  03  36  00  14  00  10  00  18  00  1B  00  0E  00  19  00  14  00  0C  00  1F  00  12  00  14  00  23  00  11  00  11  00  09  00  16  00  0A  00  10  00  09  00  0E  00  14  00  10  00  0C  00  09  00  10  00  0D  00  11  
[TCP]>Tx > 16:15:36:796 : 04  73  00  00  00  06  01  03  00  00  00  1B  
[TCP]>Rx > 16:15:36:827 : 04  73  00  00  00  39  01  03  36  00  14  00  12  00  16  00  21  00  0C  00  18  00  18  00  0D  00  22  00  12  00  12  00  1E  00  10  00  12  00  09  00  15  00  0A  00  0E  00  0A  00  0E  00  15  00  10  00  0D  00  09  00  11  00  0E  00  10  
[TCP]>Tx > 16:15:41:795 : 04  74  00  00  00  06  01  03  00  00  00  1B  
[TCP]>Rx > 16:15:41:826 : 04  74  00  00  00  39  01  03  36  00  14  00  12  00  1A  00  20  00  0D  00  19  00  15  00  0D  00  21  00  11  00  17  00  23  00  10  00  11  00  08  00  15  00  0C  00  0E  00  0A  00  0E  00  14  00  10  00  0E  00  08  00  0E  00  0E  00  0E  
[TCP]>Tx > 16:15:46:794 : 04  75  00  00  00  06  01  03  00  00  00  1B  
[TCP]>Rx > 16:15:46:809 : 04  75  00  00  00  39  01  03  36  00  15  00  10  00  19  00  1F  00  09  00  17  00  1D  00  0C  00  1F  00  12  00  12  00  1E  00  10  00  11  00  08  00  14  00  0A  00  10  00  0A  00  0E  00  14  00  10  00  0D  00  09  00  10  00  0E  00  11  
[TCP]>Tx > 16:15:51:792 : 04  76  00  00  00  06  01  03  00  00  00  1B  
[TCP]>Rx > 16:15:51:808 : 04  76  00  00  00  39  01  03  36  00  16  00  11  00  18  00  1E  00  0E  00  18  00  18  00  0E  00  1F  00  11  00  14  00  24  00  11  00  11  00  09  00  15  00  0C  00  10  00  09  00  10  00  14  00  10  00  0D  00  09  00  10  00  0E  00  10  
[TCP]>Tx > 16:15:56:791 : 04  77  00  00  00  06  01  03  00  00  00  1B  
[TCP]>Rx > 16:15:56:838 : 04  77  00  00  00  39  01  03  36  00  13  00  10  00  18  00  1A  00  0F  00  19  00  19  00  0C  00  1D  00  14  00  12  00  1E  00  11  00  11  00  08  00  15  00  0C  00  10  00  0A  00  0F  00  14  00  10  00  0C  00  08  00  10  00  0D  00  12  
[TCP]>Tx > 16:16:01:790 : 04  78  00  00  00  06  01  03  00  00  00  1B  
[TCP]>Rx > 16:16:01:821 : 04  78  00  00  00  39  01  03  36  00  16  00  12  00  1A  00  20  00  09  00  18  00  17  00  0D  00  20  00  11  00  14  00  24  00  10  00  12  00  08  00  14  00  0C  00  0E  00  0A  00  0E  00  12  00  0F  00  10  00  09  00  11  00  0D  00  11  
[TCP]>Tx > 16:16:06:804 : 04  79  00  00  00  06  01  03  00  00  00  1B  
[TCP]>Rx > 16:16:06:820 : 04  79  00  00  00  39  01  03  36  00  14  00  0F  00  19  00  21  00  0C  00  1A  00  17  00  0C  00  1D  00  12  00  12  00  20  00  10  00  11  00  08  00  15  00  0A  00  10  00  0A  00  0D  00  14  00  0F  00  0D  00  09  00  10  00  0F  00  12  
[TCP]>Tx > 16:16:11:803 : 04  7A  00  00  00  06  01  03  00  00  00  1B  
[TCP]>Rx > 16:16:11:819 : 04  7A  00  00  00  39  01  03  36  00  14  00  11  00  1B  00  1C  00  0D  00  18  00  15  00  0D  00  20  00  11  00  13  00  25  00  11  00  11  00  09  00  15  00  0C  00  10  00  0A  00  0C  00  14  00  10  00  0C  00  0A  00  11  00  10  00  10  
[TCP]>Tx > 16:16:16:802 : 04  7B  00  00  00  06  01  03  00  00  00  1B  
[TCP]>Rx > 16:16:16:833 : 04  7B  00  00  00  39  01  03  36  00  18  00  11  00  19  00  1C  00  0F  00  19  00  19  00  0C  00  1F  00  11  00  12  00  24  00  10  00  11  00  08  00  15  00  0C  00  0F  00  0A  00  0C  00  14  00  11  00  0C  00  09  00  0E  00  0C  00  12  
[TCP]>Tx > 16:16:21:801 : 04  7C  00  00  00  06  01  03  00  00  00  1B  
[TCP]>Rx > 16:16:21:832 : 04  7C  00  00  00  39  01  03  36  00  14  00  12  00  1A  00  20  00  0D  00  19  00  17  00  0D  00  21  00  11  00  14  00  20  00  10  00  12  00  09  00  16  00  0A  00  0D  00  0A  00  0C  00  16  00  10  00  0C  00  09  00  0E  00  0C  00  10  
[TCP]>Tx > 16:16:26:800 : 04  7D  00  00  00  06  01  03  00  00  00  1B  
[TCP]>Rx > 16:16:26:831 : 04  7D  00  00  00  39  01  03  36  00  15  00  10  00  19  00  1F  00  0D  00  18  00  15  00  0D  00  1D  00  11  00  12  00  20  00  11  00  11  00  09  00  15  00  0A  00  0E  00  09  00  0C  00  14  00  11  00  0C  00  09  00  10  00  0D  00  11  
[TCP]>Tx > 16:16:31:798 : 04  7E  00  00  00  06  01  03  00  00  00  1B  
[TCP]>Rx > 16:16:31:830 : 04  7E  00  00  00  39  01  03  36  00  14  00  10  00  19  00  1D  00  0D  00  18  00  15  00  0D  00  21  00  12  00  14  00  25  00  11  00  11  00  08  00  14  00  0C  00  10  00  09  00  0D  00  13  00  10  00  0C  00  0A  00  10  00  11  00  0E  
[TCP]>Tx > 16:16:36:797 : 04  7F  00  00  00  06  01  03  00  00  00  1B  
[TCP]>Rx > 16:16:36:797 : 04  7F  00  00  00  39  01  03  36  00  13  00  10  00  19  00  1D  00  0D  00  17  00  16  00  0C  00  1F  00  11  00  11  00  24  00  10  00  13  00  08  00  15  00  09  00  0D  00  09  00  0C  00  14  00  0D  00  0C  00  09  00  11  00  0E  00  10  
[TCP]>Tx > 16:16:41:796 : 04  80  00  00  00  06  01  03  00  00  00  1B  
[TCP]>Rx > 16:16:41:796 : 04  80  00  00  00  39  01  03  36  00  14  00  10  00  18  00  1E  00  0C  00  18  00  18  00  0D  00  20  00  11  00  15  00  21  00  11  00  12  00  09  00  16  00  0C  00  10  00  09  00  0D  00  13  00  10  00  0D  00  08  00  0E  00  0D  00  10  
[TCP]>Tx > 16:16:46:795 : 04  81  00  00  00  06  01  03  00  00  00  1B  
[TCP]>Rx > 16:16:46:795 : 04  81  00  00  00  39  01  03  36  00  15  00  11  00  18  00  1F  00  0D  00  18  00  18  00  0D  00  1D  00  12  00  12  00  22  00  11  00  11  00  08  00  15  00  0C  00  0D  00  09  00  0C  00  18  00  11  00  0D  00  08  00  10  00  0D  00  10  
[TCP]>Tx > 16:16:51:794 : 04  82  00  00  00  06  01  03  00  00  00  1B  
[TCP]>Rx > 16:16:51:809 : 04  82  00  00  00  39  01  03  36  00  16  00  11  00  16  00  1F  00  0D  00  1B  00  16  00  0C  00  21  00  13  00  13  00  22  00  11  00  11  00  08  00  14  00  0C  00  11  00  0D  00  0E  00  15  00  10  00  0D  00  09  00  10  00  0D  00  10  
[TCP]>Tx > 16:16:56:793 : 04  83  00  00  00  06  01  03  00  00  00  1B  
[TCP]>Rx > 16:16:56:808 : 04  83  00  00  00  39  01  03  36  00  15  00  11  00  16  00  1D  00  0D  00  1B  00  15  00  0D  00  1E  00  11  00  12  00  22  00  14  00  12  00  08  00  15  00  0C  00  0D  00  0A  00  0C  00  14  00  10  00  0C  00  0A  00  0F  00  0E  00  10  
[TCP]>Tx > 16:17:01:791 : 04  84  00  00  00  06  01  03  00  00  00  1B  
[TCP]>Rx > 16:17:01:807 : 04  84  00  00  00  39  01  03  36  00  15  00  11  00  18  00  1D  00  0D  00  18  00  18  00  0D  00  21  00  11  00  15  00  21  00  12  00  14  00  08  00  14  00  0D  00  10  00  09  00  0F  00  13  00  0E  00  0C  00  09  00  10  00  0D  00  10  
[TCP]>Tx > 16:17:06:790 : 04  85  00  00  00  06  01  03  00  00  00  1B  
[TCP]>Rx > 16:17:06:806 : 04  85  00  00  00  39  01  03  36  00  14  00  11  00  18  00  1F  00  0D  00  18  00  15  00  0D  00  1E  00  12  00  11  00  1E  00  11  00  12  00  09  00  15  00  09  00  11  00  08  00  0D  00  16  00  10  00  0D  00  09  00  0E  00  0E  00  11  
[TCP]>Tx > 16:17:11:796 : 04  86  00  00  00  06  01  03  00  00  00  1B  
[TCP]>Rx > 16:17:11:827 : 04  86  00  00  00  39  01  03  36  00  15  00  11  00  18  00  1D  00  0C  00  18  00  15  00  0D  00  21  00  10  00  14  00  20  00  0F  00  11  00  08  00  18  00  0C  00  10  00  08  00  0E  00  15  00  10  00  0C  00  09  00  11  00  0E  00  0E  
[TCP]>Tx > 16:17:16:795 : 04  87  00  00  00  06  01  03  00  00  00  1B  
[TCP]>Rx > 16:17:16:826 : 04  87  00  00  00  39  01  03  36  00  14  00  10  00  19  00  1D  00  0C  00  18  00  15  00  0C  00  20  00  11  00  12  00  20  00  10  00  14  00  08  00  16  00  0C  00  11  00  09  00  0D  00  14  00  10  00  0D  00  09  00  10  00  0D  00  11  
[TCP]>Tx > 16:17:21:794 : 04  88  00  00  00  06  01  03  00  00  00  1B  
[TCP]>Rx > 16:17:21:809 : 04  88  00  00  00  39  01  03  36  00  12  00  11  00  18  00  1B  00  0C  00  18  00  19  00  0B  00  20  00  12  00  15  00  1E  00  10  00  11  00  08  00  19  00  0A  00  10  00  09  00  0E  00  15  00  10  00  0C  00  09  00  10  00  0E  00  11  
