[TCP]>Tx > 16:04:51:760 : 03  F2  00  00  00  06  01  03  00  00  00  1B  
[TCP]>Rx > 16:04:51:791 : 03  F2  00  00  00  39  01  03  36  00  15  00  11  00  15  00  1C  00  0D  00  1B  00  15  00  0D  00  1E  00  12  00  14  00  1D  00  11  00  10  00  08  00  15  00  0D  00  0D  00  09  00  0E  00  14  00  10  00  0D  00  09  00  11  00  0D  00  10  
[TCP]>Tx > 16:04:56:759 : 03  F3  00  00  00  06  01  03  00  00  00  1B  
[TCP]>Rx > 16:04:56:790 : 03  F3  00  00  00  39  01  03  36  00  13  00  11  00  17  00  1D  00  0D  00  1B  00  13  00  0C  00  20  00  10  00  15  00  1E  00  11  00  12  00  0A  00  14  00  0A  00  0D  00  0A  00  0D  00  14  00  10  00  0D  00  09  00  10  00  0D  00  0E  
[TCP]>Tx > 16:05:01:773 : 03  F4  00  00  00  06  01  03  00  00  00  1B  
[TCP]>Rx > 16:05:01:773 : 03  F4  00  00  00  39  01  03  36  00  15  00  10  00  17  00  1B  00  0D  00  1C  00  14  00  0E  00  1F  00  12  00  15  00  1C  00  0E  00  12  00  09  00  14  00  0A  00  0D  00  0A  00  10  00  14  00  0E  00  0D  00  0A  00  10  00  0D  00  11  
[TCP]>Tx > 16:05:06:772 : 03  F5  00  00  00  06  01  03  00  00  00  1B  
[TCP]>Rx > 16:05:06:788 : 03  F5  00  00  00  39  01  03  36  00  13  00  10  00  16  00  1F  00  0F  00  16  00  16  00  0D  00  20  00  11  00  14  00  1C  00  10  00  10  00  09  00  12  00  0C  00  0E  00  09  00  0E  00  14  00  10  00  0D  00  09  00  10  00  0E  00  10  
[TCP]>Tx > 16:05:11:771 : 03  F6  00  00  00  06  01  03  00  00  00  1B  
[TCP]>Rx > 16:05:11:802 : 03  F6  00  00  00  39  01  03  36  00  12  00  0E  00  19  00  1F  00  0D  00  16  00  17  00  0B  00  1F  00  14  00  11  00  21  00  13  00  12  00  08  00  15  00  0C  00  0E  00  09  00  0D  00  14  00  0F  00  0D  00  09  00  10  00  0E  00  10  
[TCP]>Tx > 16:05:16:770 : 03  F7  00  00  00  06  01  03  00  00  00  1B  
[TCP]>Rx > 16:05:16:801 : 03  F7  00  00  00  39  01  03  36  00  18  00  0E  00  19  00  23  00  0E  00  1A  00  15  00  0D  00  20  00  10  00  16  00  1D  00  11  00  10  00  09  00  14  00  0A  00  0E  00  09  00  0D  00  14  00  10  00  0C  00  09  00  10  00  0E  00  10  
[TCP]>Tx > 16:05:21:768 : 03  F8  00  00  00  06  01  03  00  00  00  1B  
[TCP]>Rx > 16:05:21:784 : 03  F8  00  00  00  39  01  03  36  00  14  00  11  00  16  00  1D  00  0F  00  16  00  14  00  0E  00  1F  00  12  00  11  00  1E  00  10  00  11  00  09  00  14  00  0A  00  10  00  09  00  0C  00  15  00  10  00  0D  00  0A  00  10  00  0C  00  0E  
[TCP]>Tx > 16:05:26:767 : 03  F9  00  00  00  06  01  03  00  00  00  1B  
[TCP]>Rx > 16:05:26:767 : 03  F9  00  00  00  39  01  03  36  00  13  00  12  00  17  00  1D  00  0C  00  19  00  15  00  0C  00  20  00  12  00  12  00  1A  00  11  00  10  00  09  00  16  00  0A  00  0E  00  09  00  0D  00  15  00  10  00  0D  00  09  00  11  00  0D  00  11  
[TCP]>Tx > 16:05:31:766 : 03  FA  00  00  00  06  01  03  00  00  00  1B  
[TCP]>Rx > 16:05:31:813 : 03  FA  00  00  00  39  01  03  36  00  12  00  11  00  18  00  1E  00  0D  00  19  00  15  00  0D  00  1C  00  11  00  11  00  1C  00  10  00  12  00  09  00  15  00  0A  00  10  00  09  00  0C  00  14  00  10  00  0D  00  09  00  0E  00  0E  00  10  
[TCP]>Tx > 16:05:36:765 : 03  FB  00  00  00  06  01  03  00  00  00  1B  
[TCP]>Rx > 16:05:36:796 : 03  FB  00  00  00  39  01  03  36  00  15  00  11  00  17  00  21  00  0C  00  19  00  15  00  0C  00  20  00  12  00  14  00  1C  00  11  00  11  00  09  00  15  00  0B  00  0E  00  09  00  0C  00  14  00  0D  00  0D  00  0A  00  10  00  0E  00  0E  
[TCP]>Tx > 16:05:41:764 : 03  FC  00  00  00  06  01  03  00  00  00  1B  
[TCP]>Rx > 16:05:41:795 : 03  FC  00  00  00  39  01  03  36  00  16  00  10  00  18  00  24  00  0D  00  15  00  15  00  0C  00  1F  00  11  00  11  00  1E  00  0E  00  13  00  08  00  15  00  0A  00  0E  00  0A  00  0D  00  18  00  11  00  0C  00  09  00  11  00  0E  00  12  
[TCP]>Tx > 16:05:46:763 : 03  FD  00  00  00  06  01  03  00  00  00  1B  
[TCP]>Rx > 16:05:46:778 : 03  FD  00  00  00  39  01  03  36  00  14  00  0E  00  16  00  1F  00  0D  00  19  00  18  00  0D  00  20  00  11  00  12  00  1C  00  11  00  11  00  09  00  14  00  09  00  0F  00  0A  00  0D  00  14  00  10  00  0D  00  09  00  10  00  0E  00  10  
[TCP]>Tx > 16:05:51:761 : 03  FE  00  00  00  06  01  03  00  00  00  1B  
[TCP]>Rx > 16:05:51:777 : 03  FE  00  00  00  39  01  03  36  00  14  00  10  00  15  00  21  00  0D  00  18  00  18  00  0C  00  1F  00  11  00  12  00  1F  00  10  00  13  00  09  00  14  00  0A  00  0E  00  0A  00  0D  00  14  00  10  00  11  00  09  00  10  00  11  00  11  
[TCP]>Tx > 16:05:56:760 : 03  FF  00  00  00  06  01  03  00  00  00  1B  
[TCP]>Rx > 16:05:56:760 : 03  FF  00  00  00  39  01  03  36  00  14  00  12  00  16  00  1D  00  0D  00  15  00  14  00  0D  00  20  00  11  00  12  00  1B  00  11  00  10  00  08  00  14  00  0A  00  0D  00  0B  00  0E  00  14  00  10  00  0D  00  09  00  11  00  0E  00  0F  
[TCP]>Tx > 16:06:01:759 : 04  00  00  00  00  06  01  03  00  00  00  1B  
[TCP]>Rx > 16:06:01:759 : 04  00  00  00  00  39  01  03  36  00  15  00  11  00  18  00  1D  00  0C  00  19  00  13  00  0C  00  1F  00  11  00  11  00  20  00  10  00  13  00  09  00  15  00  0E  00  0D  00  09  00  10  00  14  00  10  00  0D  00  09  00  11  00  0D  00  0E  
[TCP]>Tx > 16:06:06:758 : 04  01  00  00  00  06  01  03  00  00  00  1B  
[TCP]>Rx > 16:06:06:805 : 04  01  00  00  00  39  01  03  36  00  14  00  11  00  19  00  1D  00  0D  00  19  00  14  00  0D  00  20  00  11  00  12  00  1C  00  10  00  11  00  09  00  15  00  0A  00  10  00  0A  00  10  00  13  00  11  00  0B  00  09  00  10  00  0D  00  11  
[TCP]>Tx > 16:06:11:772 : 04  02  00  00  00  06  01  03  00  00  00  1B  
[TCP]>Rx > 16:06:11:788 : 04  02  00  00  00  39  01  03  36  00  15  00  10  00  17  00  20  00  0C  00  18  00  11  00  0C  00  1F  00  11  00  13  00  1F  00  0E  00  12  00  09  00  15  00  0E  00  0F  00  0A  00  0F  00  12  00  10  00  0D  00  09  00  12  00  0E  00  10  
[TCP]>Tx > 16:06:16:771 : 04  03  00  00  00  06  01  03  00  00  00  1B  
[TCP]>Rx > 16:06:16:771 : 04  03  00  00  00  39  01  03  36  00  13  00  10  00  17  00  21  00  0D  00  19  00  15  00  0C  00  1F  00  12  00  12  00  1C  00  11  00  11  00  09  00  16  00  0C  00  10  00  09  00  0D  00  14  00  10  00  0E  00  09  00  15  00  0D  00  10  
[TCP]>Tx > 16:06:21:770 : 04  04  00  00  00  06  01  03  00  00  00  1B  
[TCP]>Rx > 16:06:21:770 : 04  04  00  00  00  39  01  03  36  00  12  00  10  00  16  00  1F  00  0D  00  16  00  14  00  0C  00  1F  00  11  00  11  00  20  00  11  00  12  00  0A  00  16  00  0C  00  10  00  0A  00  0E  00  15  00  10  00  0D  00  08  00  10  00  0E  00  10  
[TCP]>Tx > 16:06:26:769 : 04  05  00  00  00  06  01  03  00  00  00  1B  
[TCP]>Rx > 16:06:26:769 : 04  05  00  00  00  39  01  03  36  00  14  00  10  00  15  00  1F  00  0D  00  17  00  15  00  0C  00  1F  00  11  00  12  00  1B  00  10  00  11  00  0A  00  15  00  09  00  0E  00  09  00  0E  00  14  00  0E  00  0C  00  0A  00  10  00  0D  00  0E  
[TCP]>Tx > 16:06:31:768 : 04  06  00  00  00  06  01  03  00  00  00  1B  
[TCP]>Rx > 16:06:31:815 : 04  06  00  00  00  39  01  03  36  00  14  00  10  00  16  00  21  00  0D  00  14  00  15  00  0C  00  20  00  12  00  12  00  1F  00  14  00  15  00  0B  00  15  00  09  00  0D  00  0A  00  0C  00  15  00  10  00  0D  00  09  00  10  00  0D  00  10  
[TCP]>Tx > 16:06:36:767 : 04  07  00  00  00  06  01  03  00  00  00  1B  
[TCP]>Rx > 16:06:36:782 : 04  07  00  00  00  39  01  03  36  00  15  00  11  00  16  00  1D  00  0D  00  15  00  14  00  0B  00  1E  00  13  00  12  00  1C  00  11  00  0F  00  0A  00  15  00  0C  00  0E  00  0C  00  0C  00  15  00  10  00  0C  00  09  00  10  00  0E  00  10  
[TCP]>Tx > 16:06:41:765 : 04  08  00  00  00  06  01  03  00  00  00  1B  
[TCP]>Rx > 16:06:41:781 : 04  08  00  00  00  39  01  03  36  00  14  00  10  00  18  00  1E  00  0D  00  18  00  14  00  0E  00  22  00  11  00  13  00  21  00  11  00  14  00  09  00  14  00  0C  00  11  00  0D  00  0D  00  14  00  10  00  0D  00  09  00  10  00  0E  00  10  
[TCP]>Tx > 16:06:46:764 : 04  09  00  00  00  06  01  03  00  00  00  1B  
[TCP]>Rx > 16:06:46:780 : 04  09  00  00  00  39  01  03  36  00  14  00  11  00  18  00  20  00  0D  00  18  00  13  00  0C  00  1E  00  11  00  12  00  1C  00  11  00  11  00  05  00  17  00  0C  00  0E  00  0A  00  0E  00  14  00  0E  00  0D  00  09  00  10  00  0D  00  11  
[TCP]>Tx > 16:06:51:763 : 04  0A  00  00  00  06  01  03  00  00  00  1B  
[TCP]>Rx > 16:06:51:779 : 04  0A  00  00  00  39  01  03  36  00  13  00  10  00  18  00  21  00  0D  00  16  00  14  00  0C  00  1E  00  11  00  13  00  20  00  0F  00  13  00  0A  00  14  00  0A  00  0E  00  09  00  0D  00  14  00  10  00  0D  00  0A  00  11  00  0E  00  10  
