[TCP]>Tx > 15:54:51:468 : 03  7A  00  00  00  06  01  03  00  00  00  1B  
[TCP]>Rx > 15:54:51:499 : 03  7A  00  00  00  39  01  03  36  00  16  00  11  00  25  00  1E  00  0E  00  1A  00  18  00  0F  00  1E  00  11  00  14  00  1D  00  10  00  12  00  09  00  14  00  0C  00  0F  00  09  00  0E  00  12  00  10  00  0D  00  0B  00  12  00  0E  00  10  
[TCP]>Tx > 15:54:56:466 : 03  7B  00  00  00  06  01  03  00  00  00  1B  
[TCP]>Rx > 15:54:56:498 : 03  7B  00  00  00  39  01  03  36  00  16  00  15  00  1D  00  21  00  0D  00  19  00  16  00  0D  00  21  00  10  00  15  00  1F  00  10  00  13  00  09  00  14  00  0A  00  0E  00  09  00  0D  00  13  00  0E  00  0D  00  09  00  0D  00  0F  00  0E  
[TCP]>Tx > 15:55:01:465 : 03  7C  00  00  00  06  01  03  00  00  00  1B  
[TCP]>Rx > 15:55:01:481 : 03  7C  00  00  00  39  01  03  36  00  1A  00  11  00  1E  00  20  00  0D  00  1B  00  16  00  0D  00  1F  00  11  00  14  00  1C  00  10  00  11  00  08  00  14  00  0A  00  0E  00  09  00  0F  00  13  00  10  00  0B  00  08  00  12  00  0D  00  11  
[TCP]>Tx > 15:55:06:464 : 03  7D  00  00  00  06  01  03  00  00  00  1B  
[TCP]>Rx > 15:55:06:480 : 03  7D  00  00  00  39  01  03  36  00  13  00  12  00  1B  00  1E  00  0D  00  16  00  15  00  0D  00  21  00  10  00  14  00  1D  00  11  00  14  00  09  00  14  00  0A  00  0E  00  0A  00  0E  00  14  00  10  00  0D  00  09  00  12  00  10  00  11  
[TCP]>Tx > 15:55:11:463 : 03  7E  00  00  00  06  01  03  00  00  00  1B  
[TCP]>Rx > 15:55:11:478 : 03  7E  00  00  00  39  01  03  36  00  14  00  10  00  1F  00  1D  00  0D  00  1A  00  19  00  0C  00  1D  00  11  00  12  00  1C  00  0E  00  11  00  08  00  13  00  0A  00  0D  00  09  00  0D  00  13  00  0F  00  0F  00  08  00  0D  00  12  00  11  
[TCP]>Tx > 15:55:16:462 : 03  7F  00  00  00  06  01  03  00  00  00  1B  
[TCP]>Rx > 15:55:16:493 : 03  7F  00  00  00  39  01  03  36  00  18  00  0E  00  1B  00  20  00  0D  00  1B  00  18  00  0D  00  21  00  11  00  15  00  1D  00  11  00  13  00  08  00  14  00  0A  00  10  00  0A  00  0D  00  13  00  15  00  0D  00  0C  00  10  00  0E  00  12  
[TCP]>Tx > 15:55:21:476 : 03  80  00  00  00  06  01  03  00  00  00  1B  
[TCP]>Rx > 15:55:21:492 : 03  80  00  00  00  39  01  03  36  00  16  00  11  00  1D  00  1C  00  0D  00  17  00  18  00  0C  00  1E  00  11  00  14  00  1C  00  10  00  12  00  08  00  14  00  0D  00  0F  00  09  00  0D  00  14  00  10  00  0C  00  06  00  0E  00  0E  00  11  
[TCP]>Tx > 15:55:26:475 : 03  81  00  00  00  06  01  03  00  00  00  1B  
[TCP]>Rx > 15:55:26:490 : 03  81  00  00  00  39  01  03  36  00  16  00  10  00  1B  00  1F  00  0C  00  19  00  18  00  0C  00  20  00  11  00  15  00  1F  00  11  00  12  00  09  00  15  00  0B  00  0E  00  09  00  0E  00  14  00  10  00  0C  00  0A  00  0E  00  0E  00  11  
[TCP]>Tx > 15:55:31:467 : 03  82  00  00  00  06  01  03  00  00  00  1B  
[TCP]>Rx > 15:55:31:482 : 03  82  00  00  00  39  01  03  36  00  15  00  10  00  19  00  1F  00  0D  00  1B  00  18  00  0C  00  1F  00  12  00  14  00  1D  00  11  00  13  00  09  00  15  00  0A  00  0E  00  09  00  0C  00  15  00  11  00  0D  00  0A  00  12  00  0E  00  0E  
[TCP]>Tx > 15:55:36:585 : 03  83  00  00  00  06  01  03  00  00  00  1B  
[TCP]>Rx > 15:55:36:600 : 03  83  00  00  00  39  01  03  36  00  12  00  0E  00  1C  00  1D  00  0C  00  18  00  15  00  0D  00  20  00  10  00  14  00  1D  00  11  00  14  00  08  00  15  00  0C  00  0D  00  0A  00  0D  00  16  00  0D  00  0C  00  08  00  12  00  0E  00  10  
[TCP]>Tx > 15:55:41:474 : 03  84  00  00  00  06  01  03  00  00  00  1B  
[TCP]>Rx > 15:55:41:505 : 03  84  00  00  00  39  01  03  36  00  14  00  10  00  1E  00  20  00  0D  00  1A  00  1A  00  0C  00  1D  00  11  00  12  00  1F  00  11  00  11  00  08  00  15  00  0A  00  0D  00  0A  00  0F  00  16  00  0D  00  0D  00  08  00  10  00  0E  00  11  
[TCP]>Tx > 15:55:46:473 : 03  85  00  00  00  06  01  03  00  00  00  1B  
[TCP]>Rx > 15:55:46:504 : 03  85  00  00  00  39  01  03  36  00  15  00  10  00  1C  00  1F  00  0D  00  19  00  17  00  0C  00  21  00  10  00  14  00  1C  00  10  00  13  00  09  00  15  00  0D  00  0D  00  0C  00  0D  00  14  00  10  00  0C  00  09  00  10  00  0E  00  10  
[TCP]>Tx > 15:55:51:472 : 03  86  00  00  00  06  01  03  00  00  00  1B  
[TCP]>Rx > 15:55:51:503 : 03  86  00  00  00  39  01  03  36  00  14  00  10  00  1B  00  1D  00  0D  00  19  00  17  00  0C  00  1D  00  12  00  14  00  1C  00  10  00  13  00  0A  00  14  00  0C  00  0E  00  0A  00  0E  00  13  00  0E  00  0C  00  09  00  0E  00  0D  00  10  
[TCP]>Tx > 15:55:56:471 : 03  87  00  00  00  06  01  03  00  00  00  1B  
[TCP]>Rx > 15:55:56:471 : 03  87  00  00  00  39  01  03  36  00  16  00  0E  00  1B  00  1F  00  0C  00  19  00  17  00  0D  00  21  00  10  00  15  00  1E  00  11  00  16  00  05  00  17  00  09  00  0C  00  0C  00  11  00  14  00  10  00  0D  00  09  00  11  00  0D  00  10  
