[TCP]>Tx > 16:26:51:846 : 04  FA  00  00  00  06  01  03  00  00  00  1B  
[TCP]>Rx > 16:26:51:877 : 04  FA  00  00  00  39  01  03  36  00  15  00  11  00  16  00  1F  00  0C  00  1B  00  16  00  0D  00  1E  00  11  00  12  00  1C  00  10  00  11  00  08  00  15  00  0C  00  10  00  0A  00  0D  00  14  00  0E  00  0D  00  0C  00  10  00  0D  00  10  
[TCP]>Tx > 16:26:56:845 : 04  FB  00  00  00  06  01  03  00  00  00  1B  
[TCP]>Rx > 16:26:56:876 : 04  FB  00  00  00  39  01  03  36  00  17  00  10  00  19  00  1C  00  0E  00  1C  00  17  00  0D  00  21  00  11  00  12  00  1F  00  11  00  11  00  09  00  15  00  0C  00  10  00  09  00  0D  00  15  00  0D  00  0E  00  0A  00  12  00  0C  00  11  
[TCP]>Tx > 16:27:01:843 : 04  FC  00  00  00  06  01  03  00  00  00  1B  
[TCP]>Rx > 16:27:01:874 : 04  FC  00  00  00  39  01  03  36  00  16  00  12  00  18  00  1E  00  0D  00  1C  00  16  00  0C  00  1D  00  11  00  11  00  1C  00  10  00  13  00  09  00  14  00  0A  00  12  00  09  00  0C  00  13  00  0E  00  0F  00  09  00  10  00  0D  00  0E  
[TCP]>Tx > 16:27:06:842 : 04  FD  00  00  00  06  01  03  00  00  00  1B  
[TCP]>Rx > 16:27:06:873 : 04  FD  00  00  00  39  01  03  36  00  14  00  10  00  19  00  20  00  0C  00  19  00  18  00  0C  00  20  00  11  00  14  00  20  00  10  00  11  00  09  00  15  00  0D  00  16  00  0A  00  10  00  16  00  0E  00  0F  00  09  00  10  00  0E  00  10  
[TCP]>Tx > 16:27:11:841 : 04  FE  00  00  00  06  01  03  00  00  00  1B  
[TCP]>Rx > 16:27:11:857 : 04  FE  00  00  00  39  01  03  36  00  14  00  11  00  18  00  1F  00  0D  00  19  00  18  00  0D  00  1E  00  11  00  12  00  1B  00  0E  00  11  00  09  00  16  00  0A  00  0E  00  0B  00  11  00  16  00  12  00  0C  00  09  00  10  00  0D  00  10  
[TCP]>Tx > 16:27:16:840 : 04  FF  00  00  00  06  01  03  00  00  00  1B  
[TCP]>Rx > 16:27:16:855 : 04  FF  00  00  00  39  01  03  36  00  14  00  11  00  18  00  1F  00  0D  00  1B  00  1A  00  0C  00  20  00  11  00  14  00  1F  00  11  00  11  00  08  00  16  00  0A  00  10  00  08  00  0D  00  12  00  10  00  0C  00  09  00  10  00  0E  00  10  
[TCP]>Tx > 16:27:21:839 : 05  00  00  00  00  06  01  03  00  00  00  1B  
[TCP]>Rx > 16:27:21:885 : 05  00  00  00  00  39  01  03  36  00  14  00  11  00  16  00  21  00  0D  00  1A  00  19  00  0C  00  1D  00  11  00  13  00  1D  00  0E  00  12  00  0A  00  14  00  09  00  10  00  0A  00  0D  00  14  00  10  00  0D  00  08  00  0E  00  0D  00  10  
[TCP]>Tx > 16:27:26:838 : 05  01  00  00  00  06  01  03  00  00  00  1B  
[TCP]>Rx > 16:27:26:884 : 05  01  00  00  00  39  01  03  36  00  14  00  11  00  16  00  1F  00  0D  00  1C  00  17  00  0D  00  21  00  11  00  13  00  1F  00  0F  00  12  00  06  00  14  00  09  00  0E  00  09  00  10  00  13  00  0E  00  0D  00  09  00  10  00  0E  00  10  
[TCP]>Tx > 16:27:31:836 : 05  02  00  00  00  06  01  03  00  00  00  1B  
[TCP]>Rx > 16:27:31:868 : 05  02  00  00  00  39  01  03  36  00  14  00  11  00  16  00  1D  00  0C  00  1C  00  18  00  0D  00  1F  00  11  00  12  00  1B  00  10  00  12  00  09  00  16  00  0C  00  10  00  0D  00  0E  00  13  00  10  00  0D  00  09  00  10  00  0E  00  0E  
[TCP]>Tx > 16:27:36:851 : 05  03  00  00  00  06  01  03  00  00  00  1B  
[TCP]>Rx > 16:27:36:866 : 05  03  00  00  00  39  01  03  36  00  15  00  11  00  18  00  1C  00  0D  00  1C  00  15  00  0C  00  21  00  12  00  12  00  20  00  10  00  12  00  09  00  14  00  0C  00  0E  00  0C  00  0F  00  15  00  10  00  0D  00  09  00  0E  00  0D  00  11  
[TCP]>Tx > 16:27:41:850 : 05  04  00  00  00  06  01  03  00  00  00  1B  
[TCP]>Rx > 16:27:41:896 : 05  04  00  00  00  39  01  03  36  00  14  00  10  00  18  00  1D  00  0C  00  1C  00  15  00  0C  00  1D  00  11  00  14  00  1D  00  10  00  14  00  0A  00  19  00  0A  00  0E  00  0B  00  0E  00  12  00  10  00  0D  00  09  00  10  00  0D  00  10  
[TCP]>Tx > 16:27:46:848 : 05  05  00  00  00  06  01  03  00  00  00  1B  
[TCP]>Rx > 16:27:46:895 : 05  05  00  00  00  39  01  03  36  00  14  00  10  00  19  00  20  00  0C  00  1C  00  19  00  0D  00  24  00  15  00  14  00  1E  00  12  00  11  00  09  00  18  00  0D  00  10  00  09  00  0C  00  13  00  10  00  0D  00  09  00  10  00  0D  00  10  
[TCP]>Tx > 16:27:51:847 : 05  06  00  00  00  06  01  03  00  00  00  1B  
[TCP]>Rx > 16:27:51:878 : 05  06  00  00  00  39  01  03  36  00  13  00  0E  00  19  00  1F  00  0C  00  18  00  15  00  0C  00  1F  00  11  00  12  00  22  00  11  00  13  00  0C  00  15  00  0C  00  0E  00  0A  00  0C  00  14  00  10  00  0C  00  09  00  10  00  0E  00  10  
[TCP]>Tx > 16:27:56:846 : 05  07  00  00  00  06  01  03  00  00  00  1B  
[TCP]>Rx > 16:27:56:877 : 05  07  00  00  00  39  01  03  36  00  13  00  10  00  18  00  1C  00  0C  00  19  00  16  00  0A  00  20  00  11  00  15  00  20  00  14  00  10  00  09  00  14  00  0C  00  0E  00  0A  00  0D  00  12  00  10  00  0D  00  09  00  10  00  0E  00  10  
[TCP]>Tx > 16:28:01:845 : 05  08  00  00  00  06  01  03  00  00  00  1B  
[TCP]>Rx > 16:28:01:860 : 05  08  00  00  00  39  01  03  36  00  11  00  11  00  18  00  1F  00  0C  00  1B  00  18  00  0D  00  20  00  12  00  12  00  1C  00  0E  00  12  00  08  00  15  00  0D  00  0E  00  0A  00  0C  00  14  00  0E  00  0D  00  09  00  10  00  0E  00  10  
[TCP]>Tx > 16:28:06:844 : 05  09  00  00  00  06  01  03  00  00  00  1B  
[TCP]>Rx > 16:28:06:844 : 05  09  00  00  00  39  01  03  36  00  15  00  11  00  19  00  21  00  0E  00  1C  00  18  00  0E  00  21  00  11  00  14  00  1B  00  11  00  12  00  08  00  15  00  0A  00  0E  00  0A  00  0B  00  15  00  10  00  0D  00  09  00  0E  00  0E  00  11  
[TCP]>Tx > 16:28:11:842 : 05  0A  00  00  00  06  01  03  00  00  00  1B  
[TCP]>Rx > 16:28:11:842 : 05  0A  00  00  00  39  01  03  36  00  14  00  10  00  18  00  1D  00  0E  00  1C  00  18  00  0F  00  1F  00  11  00  11  00  1E  00  0E  00  12  00  08  00  15  00  0C  00  0E  00  09  00  0C  00  15  00  10  00  0D  00  09  00  10  00  0D  00  0E  
[TCP]>Tx > 16:28:16:841 : 05  0B  00  00  00  06  01  03  00  00  00  1B  
[TCP]>Rx > 16:28:16:857 : 05  0B  00  00  00  39  01  03  36  00  14  00  11  00  16  00  1D  00  0D  00  1C  00  14  00  0A  00  21  00  11  00  14  00  1B  00  10  00  11  00  09  00  15  00  0A  00  0E  00  0A  00  0D  00  15  00  10  00  0D  00  09  00  0E  00  0E  00  11  
[TCP]>Tx > 16:28:21:840 : 05  0C  00  00  00  06  01  03  00  00  00  1B  
[TCP]>Rx > 16:28:21:856 : 05  0C  00  00  00  39  01  03  36  00  14  00  11  00  19  00  1E  00  0C  00  1C  00  15  00  0C  00  20  00  15  00  12  00  1C  00  10  00  11  00  08  00  15  00  0C  00  0E  00  09  00  0E  00  14  00  10  00  0C  00  0A  00  10  00  0E  00  10  
[TCP]>Tx > 16:28:26:839 : 05  0D  00  00  00  06  01  03  00  00  00  1B  
[TCP]>Rx > 16:28:26:854 : 05  0D  00  00  00  39  01  03  36  00  14  00  15  00  1A  00  1D  00  0D  00  1B  00  14  00  0A  00  21  00  11  00  13  00  1C  00  11  00  11  00  09  00  15  00  0A  00  10  00  09  00  10  00  15  00  10  00  0D  00  09  00  10  00  0E  00  10  
[TCP]>Tx > 16:28:31:838 : 05  0E  00  00  00  06  01  03  00  00  00  1B  
[TCP]>Rx > 16:28:31:853 : 05  0E  00  00  00  39  01  03  36  00  15  00  0F  00  18  00  21  00  0E  00  1A  00  18  00  0C  00  1F  00  11  00  12  00  1F  00  0E  00  11  00  08  00  15  00  0A  00  0E  00  09  00  10  00  14  00  10  00  0D  00  0A  00  10  00  0D  00  10  
[TCP]>Tx > 16:28:36:837 : 05  0F  00  00  00  06  01  03  00  00  00  1B  
[TCP]>Rx > 16:28:36:868 : 05  0F  00  00  00  39  01  03  36  00  11  00  11  00  19  00  21  00  0D  00  19  00  15  00  0C  00  20  00  11  00  13  00  1C  00  11  00  11  00  08  00  15  00  0C  00  0E  00  09  00  0E  00  15  00  0F  00  0D  00  09  00  10  00  0D  00  0F  
[TCP]>Tx > 16:28:41:851 : 05  10  00  00  00  06  01  03  00  00  00  1B  
[TCP]>Rx > 16:28:41:867 : 05  10  00  00  00  39  01  03  36  00  15  00  11  00  19  00  1F  00  0A  00  18  00  15  00  0C  00  20  00  11  00  10  00  1F  00  0E  00  10  00  09  00  15  00  0C  00  0E  00  09  00  0E  00  14  00  10  00  0D  00  08  00  0E  00  0D  00  0F  
[TCP]>Tx > 16:28:46:850 : 05  11  00  00  00  06  01  03  00  00  00  1B  
[TCP]>Rx > 16:28:46:865 : 05  11  00  00  00  39  01  03  36  00  16  00  11  00  19  00  1F  00  0A  00  18  00  18  00  0D  00  20  00  12  00  12  00  1D  00  11  00  11  00  08  00  15  00  0C  00  0E  00  08  00  0D  00  14  00  12  00  11  00  0A  00  11  00  0E  00  11  
[TCP]>Tx > 16:28:51:849 : 05  12  00  00  00  06  01  03  00  00  00  1B  
[TCP]>Rx > 16:28:51:864 : 05  12  00  00  00  39  01  03  36  00  13  00  11  00  19  00  1F  00  0C  00  19  00  18  00  0C  00  1F  00  12  00  12  00  1D  00  0E  00  11  00  09  00  14  00  0A  00  10  00  09  00  0D  00  14  00  15  00  0E  00  0A  00  11  00  0C  00  13  
