[TCP]>Tx > 16:20:01:824 : 04  A8  00  00  00  06  01  03  00  00  00  1B  
[TCP]>Rx > 16:20:01:839 : 04  A8  00  00  00  39  01  03  36  00  13  00  10  00  19  00  20  00  0C  00  1C  00  19  00  0C  00  1B  00  12  00  14  00  1E  00  10  00  12  00  08  00  15  00  0C  00  10  00  0A  00  0E  00  14  00  10  00  0D  00  09  00  11  00  0D  00  11  
[TCP]>Tx > 16:20:06:823 : 04  A9  00  00  00  06  01  03  00  00  00  1B  
[TCP]>Rx > 16:20:06:838 : 04  A9  00  00  00  39  01  03  36  00  14  00  12  00  14  00  1D  00  0D  00  1A  00  1C  00  0E  00  21  00  11  00  14  00  21  00  11  00  11  00  08  00  14  00  0A  00  10  00  0A  00  0E  00  14  00  10  00  0D  00  09  00  10  00  0E  00  0E  
[TCP]>Tx > 16:20:11:821 : 04  AA  00  00  00  06  01  03  00  00  00  1B  
[TCP]>Rx > 16:20:11:837 : 04  AA  00  00  00  39  01  03  36  00  14  00  11  00  1A  00  21  00  0C  00  19  00  19  00  0C  00  1F  00  12  00  12  00  20  00  11  00  12  00  08  00  15  00  0A  00  10  00  09  00  0D  00  14  00  10  00  0D  00  09  00  11  00  0C  00  0E  
[TCP]>Tx > 16:20:16:820 : 04  AB  00  00  00  06  01  03  00  00  00  1B  
[TCP]>Rx > 16:20:16:820 : 04  AB  00  00  00  39  01  03  36  00  11  00  12  00  14  00  25  00  0D  00  1A  00  17  00  0C  00  20  00  12  00  14  00  20  00  10  00  11  00  09  00  15  00  0A  00  10  00  0A  00  0C  00  14  00  10  00  0C  00  09  00  10  00  0D  00  11  
[TCP]>Tx > 16:20:21:835 : 04  AC  00  00  00  06  01  03  00  00  00  1B  
[TCP]>Rx > 16:20:21:866 : 04  AC  00  00  00  39  01  03  36  00  15  00  10  00  18  00  20  00  0C  00  1B  00  19  00  0C  00  1D  00  12  00  12  00  26  00  11  00  12  00  09  00  15  00  0A  00  0E  00  0A  00  0C  00  15  00  10  00  0D  00  0A  00  11  00  11  00  12  
[TCP]>Tx > 16:20:26:834 : 04  AD  00  00  00  06  01  03  00  00  00  1B  
[TCP]>Rx > 16:20:26:849 : 04  AD  00  00  00  39  01  03  36  00  15  00  11  00  16  00  1D  00  0C  00  1A  00  19  00  0C  00  20  00  12  00  14  00  23  00  13  00  12  00  09  00  15  00  0B  00  0F  00  0B  00  0C  00  16  00  10  00  0D  00  0B  00  0E  00  0C  00  11  
[TCP]>Tx > 16:20:31:832 : 04  AE  00  00  00  06  01  03  00  00  00  1B  
[TCP]>Rx > 16:20:31:848 : 04  AE  00  00  00  39  01  03  36  00  16  00  13  00  18  00  1E  00  0C  00  1B  00  15  00  0C  00  1F  00  12  00  12  00  21  00  11  00  12  00  08  00  15  00  0C  00  10  00  08  00  0D  00  15  00  14  00  0E  00  0A  00  11  00  0E  00  0D  
[TCP]>Tx > 16:20:36:831 : 04  AF  00  00  00  06  01  03  00  00  00  1B  
[TCP]>Rx > 16:20:36:831 : 04  AF  00  00  00  39  01  03  36  00  15  00  13  00  17  00  1F  00  0D  00  1B  00  18  00  0C  00  20  00  11  00  14  00  24  00  12  00  11  00  07  00  15  00  0A  00  10  00  0A  00  0E  00  15  00  10  00  0D  00  08  00  10  00  0E  00  11  
[TCP]>Tx > 16:20:41:830 : 04  B0  00  00  00  06  01  03  00  00  00  1B  
[TCP]>Rx > 16:20:41:830 : 04  B0  00  00  00  39  01  03  36  00  13  00  12  00  18  00  1C  00  0C  00  18  00  15  00  0C  00  1D  00  11  00  12  00  1E  00  10  00  11  00  09  00  14  00  0A  00  0E  00  09  00  0E  00  16  00  11  00  0D  00  0A  00  10  00  0C  00  10  
[TCP]>Tx > 16:20:46:829 : 04  B1  00  00  00  06  01  03  00  00  00  1B  
[TCP]>Rx > 16:20:46:860 : 04  B1  00  00  00  39  01  03  36  00  11  00  11  00  18  00  20  00  0C  00  1B  00  18  00  0D  00  21  00  11  00  14  00  20  00  11  00  12  00  09  00  14  00  09  00  0E  00  0B  00  0E  00  1A  00  10  00  0C  00  09  00  11  00  0E  00  11  
[TCP]>Tx > 16:20:51:828 : 04  B2  00  00  00  06  01  03  00  00  00  1B  
[TCP]>Rx > 16:20:51:859 : 04  B2  00  00  00  39  01  03  36  00  13  00  12  00  16  00  20  00  0D  00  19  00  1B  00  0C  00  1F  00  11  00  12  00  1F  00  10  00  12  00  0A  00  14  00  0C  00  11  00  0A  00  0C  00  14  00  11  00  0E  00  08  00  10  00  0E  00  10  
[TCP]>Tx > 16:20:56:827 : 04  B3  00  00  00  06  01  03  00  00  00  1B  
[TCP]>Rx > 16:20:56:858 : 04  B3  00  00  00  39  01  03  36  00  15  00  12  00  16  00  21  00  0D  00  19  00  17  00  0C  00  20  00  11  00  14  00  24  00  11  00  11  00  08  00  14  00  0A  00  10  00  06  00  0D  00  16  00  10  00  0E  00  09  00  10  00  0D  00  10  
[TCP]>Tx > 16:21:01:825 : 04  B4  00  00  00  06  01  03  00  00  00  1B  
[TCP]>Rx > 16:21:01:857 : 04  B4  00  00  00  39  01  03  36  00  14  00  10  00  16  00  20  00  0C  00  1B  00  17  00  0C  00  1D  00  11  00  11  00  20  00  10  00  11  00  06  00  13  00  0B  00  0E  00  07  00  0C  00  15  00  11  00  0D  00  08  00  10  00  0D  00  0E  
[TCP]>Tx > 16:21:06:824 : 04  B5  00  00  00  06  01  03  00  00  00  1B  
[TCP]>Rx > 16:21:06:871 : 04  B5  00  00  00  39  01  03  36  00  15  00  12  00  16  00  20  00  0C  00  19  00  18  00  0C  00  20  00  12  00  14  00  25  00  11  00  12  00  09  00  15  00  0D  00  0E  00  09  00  0D  00  15  00  11  00  0E  00  08  00  11  00  0D  00  11  
[TCP]>Tx > 16:21:11:823 : 04  B6  00  00  00  06  01  03  00  00  00  1B  
[TCP]>Rx > 16:21:11:870 : 04  B6  00  00  00  39  01  03  36  00  14  00  10  00  16  00  1F  00  0D  00  1C  00  1B  00  0C  00  1E  00  11  00  11  00  1F  00  12  00  15  00  0A  00  13  00  0D  00  10  00  0B  00  0D  00  16  00  11  00  0D  00  09  00  11  00  0D  00  10  
[TCP]>Tx > 16:21:16:822 : 04  B7  00  00  00  06  01  03  00  00  00  1B  
[TCP]>Rx > 16:21:16:853 : 04  B7  00  00  00  39  01  03  36  00  14  00  11  00  18  00  1E  00  0C  00  1B  00  17  00  0D  00  21  00  11  00  14  00  24  00  16  00  11  00  05  00  15  00  0C  00  15  00  09  00  0D  00  15  00  10  00  0D  00  09  00  10  00  0D  00  10  
[TCP]>Tx > 16:21:21:821 : 04  B8  00  00  00  06  01  03  00  00  00  1B  
[TCP]>Rx > 16:21:21:821 : 04  B8  00  00  00  39  01  03  36  00  15  00  11  00  18  00  1F  00  0C  00  1A  00  15  00  0C  00  1D  00  10  00  12  00  20  00  10  00  11  00  09  00  18  00  0C  00  10  00  09  00  0E  00  15  00  10  00  0D  00  0A  00  0E  00  0E  00  11  
[TCP]>Tx > 16:21:26:851 : 04  B9  00  00  00  06  01  03  00  00  00  1B  
[TCP]>Rx > 16:21:26:882 : 04  B9  00  00  00  39  01  03  36  00  13  00  10  00  18  00  1E  00  0D  00  1B  00  16  00  0C  00  23  00  11  00  14  00  24  00  0F  00  10  00  09  00  16  00  0A  00  10  00  08  00  0D  00  16  00  10  00  0D  00  09  00  11  00  0D  00  10  
[TCP]>Tx > 16:21:31:850 : 04  BA  00  00  00  06  01  03  00  00  00  1B  
[TCP]>Rx > 16:21:31:881 : 04  BA  00  00  00  39  01  03  36  00  12  00  11  00  18  00  1C  00  0C  00  19  00  16  00  0C  00  1F  00  12  00  11  00  20  00  11  00  11  00  06  00  14  00  0A  00  0D  00  09  00  0E  00  14  00  10  00  0D  00  09  00  10  00  0D  00  10  
[TCP]>Tx > 16:21:36:849 : 04  BB  00  00  00  06  01  03  00  00  00  1B  
[TCP]>Rx > 16:21:36:864 : 04  BB  00  00  00  39  01  03  36  00  12  00  11  00  17  00  20  00  0D  00  19  00  19  00  0D  00  20  00  10  00  15  00  1C  00  10  00  10  00  09  00  15  00  0C  00  0E  00  09  00  0E  00  14  00  10  00  0D  00  09  00  10  00  0D  00  10  
[TCP]>Tx > 16:21:41:847 : 04  BC  00  00  00  06  01  03  00  00  00  1B  
[TCP]>Rx > 16:21:41:879 : 04  BC  00  00  00  39  01  03  36  00  14  00  10  00  16  00  21  00  0D  00  1B  00  19  00  0D  00  1D  00  0F  00  10  00  1C  00  10  00  11  00  09  00  15  00  0A  00  0E  00  0A  00  0E  00  13  00  0E  00  0D  00  09  00  10  00  0D  00  0F  
[TCP]>Tx > 16:21:46:846 : 04  BD  00  00  00  06  01  03  00  00  00  1B  
[TCP]>Rx > 16:21:46:893 : 04  BD  00  00  00  39  01  03  36  00  14  00  11  00  17  00  20  00  0C  00  1C  00  18  00  0D  00  1E  00  14  00  12  00  23  00  11  00  10  00  0D  00  16  00  0C  00  0D  00  09  00  0D  00  13  00  10  00  0C  00  08  00  0F  00  0D  00  10  
[TCP]>Tx > 16:21:51:845 : 04  BE  00  00  00  06  01  03  00  00  00  1B  
[TCP]>Rx > 16:21:51:876 : 04  BE  00  00  00  39  01  03  36  00  14  00  12  00  14  00  1E  00  0C  00  1A  00  18  00  0D  00  20  00  10  00  14  00  20  00  0F  00  10  00  09  00  15  00  0A  00  0E  00  0A  00  10  00  14  00  10  00  0D  00  09  00  10  00  0D  00  10  
[TCP]>Tx > 16:21:56:844 : 04  BF  00  00  00  06  01  03  00  00  00  1B  
[TCP]>Rx > 16:21:56:875 : 04  BF  00  00  00  39  01  03  36  00  14  00  10  00  19  00  20  00  0A  00  19  00  1A  00  0D  00  20  00  10  00  12  00  1D  00  10  00  10  00  08  00  15  00  0C  00  10  00  0A  00  0D  00  14  00  10  00  0D  00  09  00  10  00  0D  00  10  
[TCP]>Tx > 16:22:01:843 : 04  C0  00  00  00  06  01  03  00  00  00  1B  
[TCP]>Rx > 16:22:01:858 : 04  C0  00  00  00  39  01  03  36  00  14  00  10  00  18  00  1E  00  0A  00  1B  00  17  00  0E  00  20  00  11  00  13  00  1D  00  11  00  11  00  08  00  15  00  0A  00  10  00  0A  00  0D  00  12  00  10  00  0D  00  09  00  10  00  0D  00  11  
