[TCP]>Tx > 15:54:51:468 : 03  7A  00  00  00  06  01  03  00  00  00  1B  
[TCP]>Rx > 15:54:51:499 : 03  7A  00  00  00  39  01  03  36  00  16  00  11  00  25  00  1E  00  0E  00  1A  00  18  00  0F  00  1E  00  11  00  14  00  1D  00  10  00  12  00  09  00  14  00  0C  00  0F  00  09  00  0E  00  12  00  10  00  0D  00  0B  00  12  00  0E  00  10  
[TCP]>Tx > 15:54:56:466 : 03  7B  00  00  00  06  01  03  00  00  00  1B  
[TCP]>Rx > 15:54:56:498 : 03  7B  00  00  00  39  01  03  36  00  16  00  15  00  1D  00  21  00  0D  00  19  00  16  00  0D  00  21  00  10  00  15  00  1F  00  10  00  13  00  09  00  14  00  0A  00  0E  00  09  00  0D  00  13  00  0E  00  0D  00  09  00  0D  00  0F  00  0E  
[TCP]>Tx > 15:55:01:465 : 03  7C  00  00  00  06  01  03  00  00  00  1B  
[TCP]>Rx > 15:55:01:481 : 03  7C  00  00  00  39  01  03  36  00  1A  00  11  00  1E  00  20  00  0D  00  1B  00  16  00  0D  00  1F  00  11  00  14  00  1C  00  10  00  11  00  08  00  14  00  0A  00  0E  00  09  00  0F  00  13  00  10  00  0B  00  08  00  12  00  0D  00  11  
[TCP]>Tx > 15:55:06:464 : 03  7D  00  00  00  06  01  03  00  00  00  1B  
[TCP]>Rx > 15:55:06:480 : 03  7D  00  00  00  39  01  03  36  00  13  00  12  00  1B  00  1E  00  0D  00  16  00  15  00  0D  00  21  00  10  00  14  00  1D  00  11  00  14  00  09  00  14  00  0A  00  0E  00  0A  00  0E  00  14  00  10  00  0D  00  09  00  12  00  10  00  11  
[TCP]>Tx > 15:55:11:463 : 03  7E  00  00  00  06  01  03  00  00  00  1B  
[TCP]>Rx > 15:55:11:478 : 03  7E  00  00  00  39  01  03  36  00  14  00  10  00  1F  00  1D  00  0D  00  1A  00  19  00  0C  00  1D  00  11  00  12  00  1C  00  0E  00  11  00  08  00  13  00  0A  00  0D  00  09  00  0D  00  13  00  0F  00  0F  00  08  00  0D  00  12  00  11  
[TCP]>Tx > 15:55:16:462 : 03  7F  00  00  00  06  01  03  00  00  00  1B  
[TCP]>Rx > 15:55:16:493 : 03  7F  00  00  00  39  01  03  36  00  18  00  0E  00  1B  00  20  00  0D  00  1B  00  18  00  0D  00  21  00  11  00  15  00  1D  00  11  00  13  00  08  00  14  00  0A  00  10  00  0A  00  0D  00  13  00  15  00  0D  00  0C  00  10  00  0E  00  12  
[TCP]>Tx > 15:55:21:476 : 03  80  00  00  00  06  01  03  00  00  00  1B  
[TCP]>Rx > 15:55:21:492 : 03  80  00  00  00  39  01  03  36  00  16  00  11  00  1D  00  1C  00  0D  00  17  00  18  00  0C  00  1E  00  11  00  14  00  1C  00  10  00  12  00  08  00  14  00  0D  00  0F  00  09  00  0D  00  14  00  10  00  0C  00  06  00  0E  00  0E  00  11  
[TCP]>Tx > 15:55:26:475 : 03  81  00  00  00  06  01  03  00  00  00  1B  
[TCP]>Rx > 15:55:26:490 : 03  81  00  00  00  39  01  03  36  00  16  00  10  00  1B  00  1F  00  0C  00  19  00  18  00  0C  00  20  00  11  00  15  00  1F  00  11  00  12  00  09  00  15  00  0B  00  0E  00  09  00  0E  00  14  00  10  00  0C  00  0A  00  0E  00  0E  00  11  
[TCP]>Tx > 15:55:31:467 : 03  82  00  00  00  06  01  03  00  00  00  1B  
[TCP]>Rx > 15:55:31:482 : 03  82  00  00  00  39  01  03  36  00  15  00  10  00  19  00  1F  00  0D  00  1B  00  18  00  0C  00  1F  00  12  00  14  00  1D  00  11  00  13  00  09  00  15  00  0A  00  0E  00  09  00  0C  00  15  00  11  00  0D  00  0A  00  12  00  0E  00  0E  
[TCP]>Tx > 15:55:36:585 : 03  83  00  00  00  06  01  03  00  00  00  1B  
[TCP]>Rx > 15:55:36:600 : 03  83  00  00  00  39  01  03  36  00  12  00  0E  00  1C  00  1D  00  0C  00  18  00  15  00  0D  00  20  00  10  00  14  00  1D  00  11  00  14  00  08  00  15  00  0C  00  0D  00  0A  00  0D  00  16  00  0D  00  0C  00  08  00  12  00  0E  00  10  
[TCP]>Tx > 15:55:41:474 : 03  84  00  00  00  06  01  03  00  00  00  1B  
[TCP]>Rx > 15:55:41:505 : 03  84  00  00  00  39  01  03  36  00  14  00  10  00  1E  00  20  00  0D  00  1A  00  1A  00  0C  00  1D  00  11  00  12  00  1F  00  11  00  11  00  08  00  15  00  0A  00  0D  00  0A  00  0F  00  16  00  0D  00  0D  00  08  00  10  00  0E  00  11  
[TCP]>Tx > 15:55:46:473 : 03  85  00  00  00  06  01  03  00  00  00  1B  
[TCP]>Rx > 15:55:46:504 : 03  85  00  00  00  39  01  03  36  00  15  00  10  00  1C  00  1F  00  0D  00  19  00  17  00  0C  00  21  00  10  00  14  00  1C  00  10  00  13  00  09  00  15  00  0D  00  0D  00  0C  00  0D  00  14  00  10  00  0C  00  09  00  10  00  0E  00  10  
[TCP]>Tx > 15:55:51:472 : 03  86  00  00  00  06  01  03  00  00  00  1B  
[TCP]>Rx > 15:55:51:503 : 03  86  00  00  00  39  01  03  36  00  14  00  10  00  1B  00  1D  00  0D  00  19  00  17  00  0C  00  1D  00  12  00  14  00  1C  00  10  00  13  00  0A  00  14  00  0C  00  0E  00  0A  00  0E  00  13  00  0E  00  0C  00  09  00  0E  00  0D  00  10  
[TCP]>Tx > 15:55:56:471 : 03  87  00  00  00  06  01  03  00  00  00  1B  
[TCP]>Rx > 15:55:56:471 : 03  87  00  00  00  39  01  03  36  00  16  00  0E  00  1B  00  1F  00  0C  00  19  00  17  00  0D  00  21  00  10  00  15  00  1E  00  11  00  16  00  05  00  17  00  09  00  0C  00  0C  00  11  00  14  00  10  00  0D  00  09  00  11  00  0D  00  10  
[TCP]>Tx > 15:54:51:468 : 03  7A  00  00  00  06  01  03  00  00  00  1B  
[TCP]>Rx > 15:54:51:499 : 03  7A  00  00  00  39  01  03  36  00  16  00  11  00  25  00  1E  00  0E  00  1A  00  18  00  0F  00  1E  00  11  00  14  00  1D  00  10  00  12  00  09  00  14  00  0C  00  0F  00  09  00  0E  00  12  00  10  00  0D  00  0B  00  12  00  0E  00  10  
[TCP]>Tx > 15:54:56:466 : 03  7B  00  00  00  06  01  03  00  00  00  1B  
[TCP]>Rx > 15:54:56:498 : 03  7B  00  00  00  39  01  03  36  00  16  00  15  00  1D  00  21  00  0D  00  19  00  16  00  0D  00  21  00  10  00  15  00  1F  00  10  00  13  00  09  00  14  00  0A  00  0E  00  09  00  0D  00  13  00  0E  00  0D  00  09  00  0D  00  0F  00  0E  
[TCP]>Tx > 15:55:01:465 : 03  7C  00  00  00  06  01  03  00  00  00  1B  
[TCP]>Rx > 15:55:01:481 : 03  7C  00  00  00  39  01  03  36  00  1A  00  11  00  1E  00  20  00  0D  00  1B  00  16  00  0D  00  1F  00  11  00  14  00  1C  00  10  00  11  00  08  00  14  00  0A  00  0E  00  09  00  0F  00  13  00  10  00  0B  00  08  00  12  00  0D  00  11  
[TCP]>Tx > 15:55:06:464 : 03  7D  00  00  00  06  01  03  00  00  00  1B  
[TCP]>Rx > 15:55:06:480 : 03  7D  00  00  00  39  01  03  36  00  13  00  12  00  1B  00  1E  00  0D  00  16  00  15  00  0D  00  21  00  10  00  14  00  1D  00  11  00  14  00  09  00  14  00  0A  00  0E  00  0A  00  0E  00  14  00  10  00  0D  00  09  00  12  00  10  00  11  
[TCP]>Tx > 15:55:11:463 : 03  7E  00  00  00  06  01  03  00  00  00  1B  
[TCP]>Rx > 15:55:11:478 : 03  7E  00  00  00  39  01  03  36  00  14  00  10  00  1F  00  1D  00  0D  00  1A  00  19  00  0C  00  1D  00  11  00  12  00  1C  00  0E  00  11  00  08  00  13  00  0A  00  0D  00  09  00  0D  00  13  00  0F  00  0F  00  08  00  0D  00  12  00  11  
[TCP]>Tx > 15:55:16:462 : 03  7F  00  00  00  06  01  03  00  00  00  1B  
[TCP]>Rx > 15:55:16:493 : 03  7F  00  00  00  39  01  03  36  00  18  00  0E  00  1B  00  20  00  0D  00  1B  00  18  00  0D  00  21  00  11  00  15  00  1D  00  11  00  13  00  08  00  14  00  0A  00  10  00  0A  00  0D  00  13  00  15  00  0D  00  0C  00  10  00  0E  00  12  
[TCP]>Tx > 15:55:21:476 : 03  80  00  00  00  06  01  03  00  00  00  1B  
[TCP]>Rx > 15:55:21:492 : 03  80  00  00  00  39  01  03  36  00  16  00  11  00  1D  00  1C  00  0D  00  17  00  18  00  0C  00  1E  00  11  00  14  00  1C  00  10  00  12  00  08  00  14  00  0D  00  0F  00  09  00  0D  00  14  00  10  00  0C  00  06  00  0E  00  0E  00  11  
[TCP]>Tx > 15:55:26:475 : 03  81  00  00  00  06  01  03  00  00  00  1B  
[TCP]>Rx > 15:55:26:490 : 03  81  00  00  00  39  01  03  36  00  16  00  10  00  1B  00  1F  00  0C  00  19  00  18  00  0C  00  20  00  11  00  15  00  1F  00  11  00  12  00  09  00  15  00  0B  00  0E  00  09  00  0E  00  14  00  10  00  0C  00  0A  00  0E  00  0E  00  11  
[TCP]>Tx > 15:55:31:467 : 03  82  00  00  00  06  01  03  00  00  00  1B  
[TCP]>Rx > 15:55:31:482 : 03  82  00  00  00  39  01  03  36  00  15  00  10  00  19  00  1F  00  0D  00  1B  00  18  00  0C  00  1F  00  12  00  14  00  1D  00  11  00  13  00  09  00  15  00  0A  00  0E  00  09  00  0C  00  15  00  11  00  0D  00  0A  00  12  00  0E  00  0E  
[TCP]>Tx > 15:55:36:585 : 03  83  00  00  00  06  01  03  00  00  00  1B  
[TCP]>Rx > 15:55:36:600 : 03  83  00  00  00  39  01  03  36  00  12  00  0E  00  1C  00  1D  00  0C  00  18  00  15  00  0D  00  20  00  10  00  14  00  1D  00  11  00  14  00  08  00  15  00  0C  00  0D  00  0A  00  0D  00  16  00  0D  00  0C  00  08  00  12  00  0E  00  10  
[TCP]>Tx > 15:55:41:474 : 03  84  00  00  00  06  01  03  00  00  00  1B  
[TCP]>Rx > 15:55:41:505 : 03  84  00  00  00  39  01  03  36  00  14  00  10  00  1E  00  20  00  0D  00  1A  00  1A  00  0C  00  1D  00  11  00  12  00  1F  00  11  00  11  00  08  00  15  00  0A  00  0D  00  0A  00  0F  00  16  00  0D  00  0D  00  08  00  10  00  0E  00  11  
[TCP]>Tx > 15:55:46:473 : 03  85  00  00  00  06  01  03  00  00  00  1B  
[TCP]>Rx > 15:55:46:504 : 03  85  00  00  00  39  01  03  36  00  15  00  10  00  1C  00  1F  00  0D  00  19  00  17  00  0C  00  21  00  10  00  14  00  1C  00  10  00  13  00  09  00  15  00  0D  00  0D  00  0C  00  0D  00  14  00  10  00  0C  00  09  00  10  00  0E  00  10  
[TCP]>Tx > 15:55:51:472 : 03  86  00  00  00  06  01  03  00  00  00  1B  
[TCP]>Rx > 15:55:51:503 : 03  86  00  00  00  39  01  03  36  00  14  00  10  00  1B  00  1D  00  0D  00  19  00  17  00  0C  00  1D  00  12  00  14  00  1C  00  10  00  13  00  0A  00  14  00  0C  00  0E  00  0A  00  0E  00  13  00  0E  00  0C  00  09  00  0E  00  0D  00  10  
[TCP]>Tx > 15:55:56:471 : 03  87  00  00  00  06  01  03  00  00  00  1B  
[TCP]>Rx > 15:55:56:471 : 03  87  00  00  00  39  01  03  36  00  16  00  0E  00  1B  00  1F  00  0C  00  19  00  17  00  0D  00  21  00  10  00  15  00  1E  00  11  00  16  00  05  00  17  00  09  00  0C  00  0C  00  11  00  14  00  10  00  0D  00  09  00  11  00  0D  00  10  
[TCP]>Tx > 15:56:01:469 : 03  88  00  00  00  06  01  03  00  00  00  1B  
[TCP]>Rx > 15:56:01:469 : 03  88  00  00  00  39  01  03  36  00  15  00  10  00  1B  00  20  00  0C  00  1C  00  17  00  0F  00  1F  00  11  00  12  00  1D  00  11  00  12  00  09  00  14  00  0C  00  12  00  0A  00  0D  00  14  00  0E  00  0D  00  09  00  10  00  0D  00  0E  
[TCP]>Tx > 15:56:06:468 : 03  89  00  00  00  06  01  03  00  00  00  1B  
[TCP]>Rx > 15:56:06:515 : 03  89  00  00  00  39  01  03  36  00  14  00  10  00  1D  00  1E  00  0D  00  18  00  16  00  0D  00  21  00  0F  00  16  00  21  00  11  00  12  00  08  00  14  00  0C  00  10  00  0C  00  0D  00  14  00  0E  00  0C  00  09  00  10  00  0E  00  11  
[TCP]>Tx > 15:56:11:467 : 03  8A  00  00  00  06  01  03  00  00  00  1B  
[TCP]>Rx > 15:56:11:483 : 03  8A  00  00  00  39  01  03  36  00  14  00  0E  00  1D  00  1F  00  0D  00  1A  00  19  00  0C  00  1F  00  11  00  12  00  1B  00  13  00  14  00  08  00  14  00  0A  00  0E  00  0A  00  0C  00  12  00  10  00  0D  00  09  00  11  00  0E  00  10  
[TCP]>Tx > 15:56:16:481 : 03  8B  00  00  00  06  01  03  00  00  00  1B  
[TCP]>Rx > 15:56:16:481 : 03  8B  00  00  00  39  01  03  36  00  15  00  10  00  1B  00  20  00  0D  00  1A  00  19  00  0A  00  20  00  11  00  15  00  1C  00  12  00  15  00  08  00  11  00  0C  00  10  00  09  00  0C  00  12  00  0E  00  0D  00  08  00  10  00  0E  00  10  
[TCP]>Tx > 15:56:21:507 : 03  8C  00  00  00  06  01  03  00  00  00  1B  
[TCP]>Rx > 15:56:21:522 : 03  8C  00  00  00  39  01  03  36  00  16  00  11  00  1A  00  1E  00  0D  00  18  00  19  00  0C  00  1F  00  10  00  12  00  21  00  10  00  13  00  0B  00  16  00  0A  00  0E  00  0A  00  0C  00  12  00  10  00  0D  00  0A  00  10  00  0D  00  11  
[TCP]>Tx > 15:56:26:503 : 03  8D  00  00  00  06  01  03  00  00  00  1B  
[TCP]>Rx > 15:56:26:518 : 03  8D  00  00  00  39  01  03  36  00  15  00  10  00  19  00  20  00  0D  00  1A  00  15  00  0A  00  20  00  11  00  15  00  1C  00  12  00  11  00  09  00  14  00  0C  00  0D  00  09  00  0C  00  12  00  10  00  0D  00  09  00  10  00  0E  00  10  
[TCP]>Tx > 15:56:31:502 : 03  8E  00  00  00  06  01  03  00  00  00  1B  
[TCP]>Rx > 15:56:31:533 : 03  8E  00  00  00  39  01  03  36  00  16  00  11  00  19  00  20  00  0E  00  1C  00  18  00  0C  00  1D  00  11  00  12  00  1C  00  10  00  12  00  09  00  14  00  0A  00  0D  00  0A  00  0C  00  14  00  0E  00  0D  00  08  00  10  00  0D  00  10  
[TCP]>Tx > 15:56:36:501 : 03  8F  00  00  00  06  01  03  00  00  00  1B  
[TCP]>Rx > 15:56:36:532 : 03  8F  00  00  00  39  01  03  36  00  14  00  10  00  17  00  1F  00  0C  00  18  00  16  00  0C  00  21  00  0E  00  15  00  21  00  10  00  12  00  0A  00  14  00  0A  00  0D  00  0A  00  0D  00  12  00  10  00  0D  00  09  00  10  00  0D  00  10  
[TCP]>Tx > 16:01:46:752 : 03  CD  00  00  00  06  01  03  00  00  00  1B  
[TCP]>Rx > 16:01:46:752 : 03  CD  00  00  00  39  01  03  36  00  12  00  13  00  1A  00  23  00  0D  00  18  00  18  00  0C  00  20  00  10  00  13  00  1D  00  10  00  13  00  09  00  14  00  0C  00  0D  00  0A  00  0E  00  15  00  10  00  0D  00  06  00  10  00  11  00  12  
[TCP]>Tx > 16:01:51:751 : 03  CE  00  00  00  06  01  03  00  00  00  1B  
[TCP]>Rx > 16:01:51:751 : 03  CE  00  00  00  39  01  03  36  00  14  00  0E  00  18  00  21  00  0D  00  1B  00  19  00  0C  00  20  00  11  00  14  00  19  00  10  00  10  00  09  00  18  00  0C  00  0D  00  0A  00  0D  00  13  00  10  00  11  00  09  00  11  00  11  00  12  
[TCP]>Tx > 16:01:56:742 : 03  CF  00  00  00  06  01  03  00  00  00  1B  
[TCP]>Rx > 16:01:56:742 : 03  CF  00  00  00  39  01  03  36  00  15  00  12  00  16  00  21  00  0C  00  18  00  18  00  0D  00  20  00  11  00  12  00  1C  00  0E  00  12  00  08  00  14  00  0C  00  0E  00  0A  00  0E  00  14  00  10  00  0C  00  0A  00  11  00  0E  00  10  
[TCP]>Tx > 16:02:01:757 : 03  D0  00  00  00  06  01  03  00  00  00  1B  
[TCP]>Rx > 16:02:01:788 : 03  D0  00  00  00  39  01  03  36  00  14  00  13  00  15  00  20  00  0C  00  17  00  15  00  0C  00  21  00  10  00  14  00  1A  00  10  00  11  00  08  00  15  00  0C  00  10  00  08  00  0E  00  12  00  10  00  0C  00  0A  00  10  00  0D  00  0E  
[TCP]>Tx > 16:02:06:756 : 03  D1  00  00  00  06  01  03  00  00  00  1B  
[TCP]>Rx > 16:02:06:771 : 03  D1  00  00  00  39  01  03  36  00  13  00  12  00  16  00  20  00  0D  00  19  00  15  00  0D  00  20  00  10  00  13  00  1C  00  10  00  13  00  08  00  16  00  0D  00  10  00  09  00  0D  00  15  00  11  00  0C  00  09  00  11  00  0C  00  11  
[TCP]>Tx > 16:02:11:754 : 03  D2  00  00  00  06  01  03  00  00  00  1B  
[TCP]>Rx > 16:02:11:754 : 03  D2  00  00  00  39  01  03  36  00  15  00  13  00  18  00  23  00  0C  00  1B  00  16  00  0C  00  20  00  10  00  13  00  1B  00  10  00  11  00  0A  00  13  00  0A  00  10  00  0C  00  0C  00  15  00  0D  00  0E  00  09  00  11  00  0D  00  10  
[TCP]>Tx > 16:02:16:753 : 03  D3  00  00  00  06  01  03  00  00  00  1B  
[TCP]>Rx > 16:02:16:753 : 03  D3  00  00  00  39  01  03  36  00  13  00  11  00  17  00  23  00  0D  00  18  00  16  00  0C  00  20  00  0E  00  11  00  1C  00  10  00  14  00  06  00  11  00  0A  00  11  00  08  00  0E  00  13  00  10  00  0C  00  09  00  0E  00  0D  00  10  
[TCP]>Tx > 16:02:21:752 : 03  D4  00  00  00  06  01  03  00  00  00  1B  
[TCP]>Rx > 16:02:21:768 : 03  D4  00  00  00  39  01  03  36  00  12  00  12  00  18  00  20  00  0C  00  19  00  16  00  0D  00  20  00  10  00  14  00  18  00  11  00  0F  00  06  00  15  00  0E  00  11  00  0A  00  0C  00  14  00  10  00  0C  00  0A  00  10  00  0E  00  10  
[TCP]>Tx > 16:02:26:752 : 03  D5  00  00  00  06  01  03  00  00  00  1B  
[TCP]>Rx > 16:02:26:767 : 03  D5  00  00  00  39  01  03  36  00  14  00  12  00  16  00  23  00  0D  00  19  00  18  00  0D  00  20  00  10  00  17  00  1D  00  11  00  14  00  0A  00  15  00  0D  00  12  00  0C  00  0D  00  16  00  0E  00  0D  00  08  00  11  00  0D  00  0E  
[TCP]>Tx > 16:02:31:751 : 03  D6  00  00  00  06  01  03  00  00  00  1B  
[TCP]>Rx > 16:02:31:766 : 03  D6  00  00  00  39  01  03  36  00  15  00  11  00  16  00  1F  00  0D  00  18  00  13  00  0C  00  20  00  12  00  13  00  21  00  11  00  11  00  06  00  16  00  09  00  0B  00  09  00  0D  00  13  00  10  00  0D  00  08  00  11  00  0D  00  10  
[TCP]>Tx > 16:02:36:749 : 03  D7  00  00  00  06  01  03  00  00  00  1B  
[TCP]>Rx > 16:02:36:765 : 03  D7  00  00  00  39  01  03  36  00  14  00  11  00  16  00  20  00  0C  00  19  00  13  00  0B  00  1F  00  10  00  17  00  1F  00  11  00  16  00  06  00  16  00  0A  00  0E  00  0A  00  0D  00  13  00  10  00  0C  00  09  00  11  00  0E  00  10  
[TCP]>Tx > 16:02:41:748 : 03  D8  00  00  00  06  01  03  00  00  00  1B  
[TCP]>Rx > 16:02:41:779 : 03  D8  00  00  00  39  01  03  36  00  14  00  10  00  18  00  21  00  0C  00  1A  00  14  00  0D  00  1F  00  12  00  19  00  20  00  10  00  12  00  08  00  15  00  0A  00  0E  00  09  00  0D  00  14  00  10  00  0D  00  09  00  10  00  0E  00  0E  
[TCP]>Tx > 16:02:46:747 : 03  D9  00  00  00  06  01  03  00  00  00  1B  
[TCP]>Rx > 16:02:46:778 : 03  D9  00  00  00  39  01  03  36  00  14  00  11  00  18  00  21  00  0C  00  17  00  15  00  0D  00  21  00  12  00  13  00  1C  00  11  00  14  00  08  00  14  00  0A  00  0E  00  09  00  0D  00  14  00  0E  00  0D  00  08  00  10  00  0D  00  10  
[TCP]>Tx > 16:02:51:746 : 03  DA  00  00  00  06  01  03  00  00  00  1B  
[TCP]>Rx > 16:02:51:777 : 03  DA  00  00  00  39  01  03  36  00  12  00  11  00  16  00  24  00  0A  00  1C  00  15  00  0A  00  21  00  12  00  14  00  1D  00  10  00  0F  00  09  00  14  00  0C  00  0E  00  09  00  0D  00  14  00  10  00  0D  00  09  00  11  00  0D  00  10  
[TCP]>Tx > 16:02:56:745 : 03  DB  00  00  00  06  01  03  00  00  00  1B  
[TCP]>Rx > 16:02:56:776 : 03  DB  00  00  00  39  01  03  36  00  14  00  11  00  18  00  21  00  0D  00  1A  00  19  00  0A  00  21  00  11  00  14  00  1F  00  10  00  14  00  08  00  14  00  0A  00  0E  00  09  00  0E  00  13  00  10  00  0D  00  09  00  10  00  0D  00  10  
[TCP]>Tx > 16:03:01:743 : 03  DC  00  00  00  06  01  03  00  00  00  1B  
[TCP]>Rx > 16:03:01:759 : 03  DC  00  00  00  39  01  03  36  00  15  00  11  00  15  00  20  00  0E  00  1B  00  15  00  0E  00  1F  00  11  00  12  00  1B  00  0E  00  11  00  08  00  13  00  0C  00  0E  00  09  00  0E  00  14  00  10  00  0C  00  08  00  10  00  0D  00  11  
[TCP]>Tx > 16:03:06:742 : 03  DD  00  00  00  06  01  03  00  00  00  1B  
[TCP]>Rx > 16:03:06:758 : 03  DD  00  00  00  39  01  03  36  00  14  00  10  00  16  00  1C  00  0D  00  1A  00  15  00  0D  00  21  00  12  00  13  00  1B  00  10  00  12  00  08  00  14  00  0A  00  10  00  0A  00  0D  00  14  00  0E  00  0D  00  09  00  10  00  0D  00  0F  
[TCP]>Tx > 16:03:11:770 : 03  DE  00  00  00  06  01  03  00  00  00  1B  
[TCP]>Rx > 16:03:11:786 : 03  DE  00  00  00  39  01  03  36  00  15  00  10  00  1A  00  22  00  0D  00  1A  00  13  00  0A  00  20  00  14  00  11  00  1B  00  10  00  11  00  08  00  14  00  0C  00  0E  00  09  00  0C  00  15  00  10  00  0C  00  09  00  10  00  0C  00  0E  
[TCP]>Tx > 16:03:16:766 : 03  DF  00  00  00  06  01  03  00  00  00  1B  
[TCP]>Rx > 16:03:16:782 : 03  DF  00  00  00  39  01  03  36  00  16  00  11  00  15  00  23  00  0D  00  19  00  17  00  0D  00  20  00  11  00  13  00  20  00  10  00  14  00  08  00  15  00  0A  00  10  00  08  00  0E  00  14  00  10  00  0C  00  09  00  10  00  0D  00  11  
[TCP]>Tx > 16:03:21:762 : 03  E0  00  00  00  06  01  03  00  00  00  1B  
[TCP]>Rx > 16:03:21:762 : 03  E0  00  00  00  39  01  03  36  00  15  00  11  00  19  00  21  00  0A  00  18  00  14  00  0C  00  1F  00  11  00  12  00  1B  00  10  00  11  00  09  00  15  00  0A  00  10  00  09  00  0D  00  14  00  0E  00  0D  00  09  00  10  00  0E  00  0E  
[TCP]>Tx > 16:03:26:762 : 03  E1  00  00  00  06  01  03  00  00  00  1B  
[TCP]>Rx > 16:03:26:762 : 03  E1  00  00  00  39  01  03  36  00  14  00  10  00  18  00  20  00  0C  00  19  00  15  00  0C  00  21  00  10  00  14  00  22  00  11  00  13  00  09  00  14  00  0A  00  0E  00  09  00  0C  00  15  00  0E  00  0D  00  09  00  11  00  10  00  10  
[TCP]>Tx > 16:03:31:760 : 03  E2  00  00  00  06  01  03  00  00  00  1B  
[TCP]>Rx > 16:03:31:792 : 03  E2  00  00  00  39  01  03  36  00  18  00  11  00  1A  00  21  00  0E  00  1A  00  18  00  0C  00  1F  00  12  00  12  00  1C  00  11  00  11  00  09  00  15  00  0C  00  0F  00  09  00  0D  00  14  00  10  00  0E  00  0A  00  12  00  0E  00  12  
[TCP]>Tx > 16:03:36:759 : 03  E3  00  00  00  06  01  03  00  00  00  1B  
[TCP]>Rx > 16:03:36:790 : 03  E3  00  00  00  39  01  03  36  00  14  00  12  00  18  00  1F  00  0D  00  16  00  16  00  0D  00  21  00  11  00  14  00  22  00  10  00  14  00  09  00  15  00  0C  00  0E  00  09  00  0E  00  15  00  10  00  10  00  0B  00  10  00  0D  00  11  
[TCP]>Tx > 16:03:41:758 : 03  E4  00  00  00  06  01  03  00  00  00  1B  
[TCP]>Rx > 16:03:41:789 : 03  E4  00  00  00  39  01  03  36  00  14  00  12  00  16  00  1F  00  0D  00  19  00  15  00  0C  00  1D  00  11  00  12  00  1C  00  10  00  11  00  09  00  15  00  0A  00  10  00  0A  00  0D  00  15  00  10  00  0D  00  09  00  10  00  0E  00  11  
[TCP]>Tx > 16:03:46:772 : 03  E5  00  00  00  06  01  03  00  00  00  1B  
[TCP]>Rx > 16:03:46:772 : 03  E5  00  00  00  39  01  03  36  00  13  00  14  00  1B  00  1D  00  0D  00  1A  00  18  00  0C  00  21  00  10  00  14  00  25  00  11  00  14  00  08  00  15  00  0A  00  0E  00  09  00  0E  00  15  00  10  00  0C  00  0A  00  13  00  0E  00  11  
[TCP]>Tx > 16:04:51:760 : 03  F2  00  00  00  06  01  03  00  00  00  1B  
[TCP]>Rx > 16:04:51:791 : 03  F2  00  00  00  39  01  03  36  00  15  00  11  00  15  00  1C  00  0D  00  1B  00  15  00  0D  00  1E  00  12  00  14  00  1D  00  11  00  10  00  08  00  15  00  0D  00  0D  00  09  00  0E  00  14  00  10  00  0D  00  09  00  11  00  0D  00  10  
[TCP]>Tx > 16:04:56:759 : 03  F3  00  00  00  06  01  03  00  00  00  1B  
[TCP]>Rx > 16:04:56:790 : 03  F3  00  00  00  39  01  03  36  00  13  00  11  00  17  00  1D  00  0D  00  1B  00  13  00  0C  00  20  00  10  00  15  00  1E  00  11  00  12  00  0A  00  14  00  0A  00  0D  00  0A  00  0D  00  14  00  10  00  0D  00  09  00  10  00  0D  00  0E  
[TCP]>Tx > 16:05:01:773 : 03  F4  00  00  00  06  01  03  00  00  00  1B  
[TCP]>Rx > 16:05:01:773 : 03  F4  00  00  00  39  01  03  36  00  15  00  10  00  17  00  1B  00  0D  00  1C  00  14  00  0E  00  1F  00  12  00  15  00  1C  00  0E  00  12  00  09  00  14  00  0A  00  0D  00  0A  00  10  00  14  00  0E  00  0D  00  0A  00  10  00  0D  00  11  
[TCP]>Tx > 16:05:06:772 : 03  F5  00  00  00  06  01  03  00  00  00  1B  
[TCP]>Rx > 16:05:06:788 : 03  F5  00  00  00  39  01  03  36  00  13  00  10  00  16  00  1F  00  0F  00  16  00  16  00  0D  00  20  00  11  00  14  00  1C  00  10  00  10  00  09  00  12  00  0C  00  0E  00  09  00  0E  00  14  00  10  00  0D  00  09  00  10  00  0E  00  10  
[TCP]>Tx > 16:05:11:771 : 03  F6  00  00  00  06  01  03  00  00  00  1B  
[TCP]>Rx > 16:05:11:802 : 03  F6  00  00  00  39  01  03  36  00  12  00  0E  00  19  00  1F  00  0D  00  16  00  17  00  0B  00  1F  00  14  00  11  00  21  00  13  00  12  00  08  00  15  00  0C  00  0E  00  09  00  0D  00  14  00  0F  00  0D  00  09  00  10  00  0E  00  10  
[TCP]>Tx > 16:05:16:770 : 03  F7  00  00  00  06  01  03  00  00  00  1B  
[TCP]>Rx > 16:05:16:801 : 03  F7  00  00  00  39  01  03  36  00  18  00  0E  00  19  00  23  00  0E  00  1A  00  15  00  0D  00  20  00  10  00  16  00  1D  00  11  00  10  00  09  00  14  00  0A  00  0E  00  09  00  0D  00  14  00  10  00  0C  00  09  00  10  00  0E  00  10  
[TCP]>Tx > 16:05:21:768 : 03  F8  00  00  00  06  01  03  00  00  00  1B  
[TCP]>Rx > 16:05:21:784 : 03  F8  00  00  00  39  01  03  36  00  14  00  11  00  16  00  1D  00  0F  00  16  00  14  00  0E  00  1F  00  12  00  11  00  1E  00  10  00  11  00  09  00  14  00  0A  00  10  00  09  00  0C  00  15  00  10  00  0D  00  0A  00  10  00  0C  00  0E  
[TCP]>Tx > 16:05:26:767 : 03  F9  00  00  00  06  01  03  00  00  00  1B  
[TCP]>Rx > 16:05:26:767 : 03  F9  00  00  00  39  01  03  36  00  13  00  12  00  17  00  1D  00  0C  00  19  00  15  00  0C  00  20  00  12  00  12  00  1A  00  11  00  10  00  09  00  16  00  0A  00  0E  00  09  00  0D  00  15  00  10  00  0D  00  09  00  11  00  0D  00  11  
[TCP]>Tx > 16:05:31:766 : 03  FA  00  00  00  06  01  03  00  00  00  1B  
[TCP]>Rx > 16:05:31:813 : 03  FA  00  00  00  39  01  03  36  00  12  00  11  00  18  00  1E  00  0D  00  19  00  15  00  0D  00  1C  00  11  00  11  00  1C  00  10  00  12  00  09  00  15  00  0A  00  10  00  09  00  0C  00  14  00  10  00  0D  00  09  00  0E  00  0E  00  10  
[TCP]>Tx > 16:05:36:765 : 03  FB  00  00  00  06  01  03  00  00  00  1B  
[TCP]>Rx > 16:05:36:796 : 03  FB  00  00  00  39  01  03  36  00  15  00  11  00  17  00  21  00  0C  00  19  00  15  00  0C  00  20  00  12  00  14  00  1C  00  11  00  11  00  09  00  15  00  0B  00  0E  00  09  00  0C  00  14  00  0D  00  0D  00  0A  00  10  00  0E  00  0E  
[TCP]>Tx > 16:05:41:764 : 03  FC  00  00  00  06  01  03  00  00  00  1B  
[TCP]>Rx > 16:05:41:795 : 03  FC  00  00  00  39  01  03  36  00  16  00  10  00  18  00  24  00  0D  00  15  00  15  00  0C  00  1F  00  11  00  11  00  1E  00  0E  00  13  00  08  00  15  00  0A  00  0E  00  0A  00  0D  00  18  00  11  00  0C  00  09  00  11  00  0E  00  12  
[TCP]>Tx > 16:05:46:763 : 03  FD  00  00  00  06  01  03  00  00  00  1B  
[TCP]>Rx > 16:05:46:778 : 03  FD  00  00  00  39  01  03  36  00  14  00  0E  00  16  00  1F  00  0D  00  19  00  18  00  0D  00  20  00  11  00  12  00  1C  00  11  00  11  00  09  00  14  00  09  00  0F  00  0A  00  0D  00  14  00  10  00  0D  00  09  00  10  00  0E  00  10  
[TCP]>Tx > 16:05:51:761 : 03  FE  00  00  00  06  01  03  00  00  00  1B  
[TCP]>Rx > 16:05:51:777 : 03  FE  00  00  00  39  01  03  36  00  14  00  10  00  15  00  21  00  0D  00  18  00  18  00  0C  00  1F  00  11  00  12  00  1F  00  10  00  13  00  09  00  14  00  0A  00  0E  00  0A  00  0D  00  14  00  10  00  11  00  09  00  10  00  11  00  11  
[TCP]>Tx > 16:05:56:760 : 03  FF  00  00  00  06  01  03  00  00  00  1B  
[TCP]>Rx > 16:05:56:760 : 03  FF  00  00  00  39  01  03  36  00  14  00  12  00  16  00  1D  00  0D  00  15  00  14  00  0D  00  20  00  11  00  12  00  1B  00  11  00  10  00  08  00  14  00  0A  00  0D  00  0B  00  0E  00  14  00  10  00  0D  00  09  00  11  00  0E  00  0F  
[TCP]>Tx > 16:06:01:759 : 04  00  00  00  00  06  01  03  00  00  00  1B  
[TCP]>Rx > 16:06:01:759 : 04  00  00  00  00  39  01  03  36  00  15  00  11  00  18  00  1D  00  0C  00  19  00  13  00  0C  00  1F  00  11  00  11  00  20  00  10  00  13  00  09  00  15  00  0E  00  0D  00  09  00  10  00  14  00  10  00  0D  00  09  00  11  00  0D  00  0E  
[TCP]>Tx > 16:06:06:758 : 04  01  00  00  00  06  01  03  00  00  00  1B  
[TCP]>Rx > 16:06:06:805 : 04  01  00  00  00  39  01  03  36  00  14  00  11  00  19  00  1D  00  0D  00  19  00  14  00  0D  00  20  00  11  00  12  00  1C  00  10  00  11  00  09  00  15  00  0A  00  10  00  0A  00  10  00  13  00  11  00  0B  00  09  00  10  00  0D  00  11  
[TCP]>Tx > 16:06:11:772 : 04  02  00  00  00  06  01  03  00  00  00  1B  
[TCP]>Rx > 16:06:11:788 : 04  02  00  00  00  39  01  03  36  00  15  00  10  00  17  00  20  00  0C  00  18  00  11  00  0C  00  1F  00  11  00  13  00  1F  00  0E  00  12  00  09  00  15  00  0E  00  0F  00  0A  00  0F  00  12  00  10  00  0D  00  09  00  12  00  0E  00  10  
[TCP]>Tx > 16:06:16:771 : 04  03  00  00  00  06  01  03  00  00  00  1B  
[TCP]>Rx > 16:06:16:771 : 04  03  00  00  00  39  01  03  36  00  13  00  10  00  17  00  21  00  0D  00  19  00  15  00  0C  00  1F  00  12  00  12  00  1C  00  11  00  11  00  09  00  16  00  0C  00  10  00  09  00  0D  00  14  00  10  00  0E  00  09  00  15  00  0D  00  10  
[TCP]>Tx > 16:06:21:770 : 04  04  00  00  00  06  01  03  00  00  00  1B  
[TCP]>Rx > 16:06:21:770 : 04  04  00  00  00  39  01  03  36  00  12  00  10  00  16  00  1F  00  0D  00  16  00  14  00  0C  00  1F  00  11  00  11  00  20  00  11  00  12  00  0A  00  16  00  0C  00  10  00  0A  00  0E  00  15  00  10  00  0D  00  08  00  10  00  0E  00  10  
[TCP]>Tx > 16:06:26:769 : 04  05  00  00  00  06  01  03  00  00  00  1B  
[TCP]>Rx > 16:06:26:769 : 04  05  00  00  00  39  01  03  36  00  14  00  10  00  15  00  1F  00  0D  00  17  00  15  00  0C  00  1F  00  11  00  12  00  1B  00  10  00  11  00  0A  00  15  00  09  00  0E  00  09  00  0E  00  14  00  0E  00  0C  00  0A  00  10  00  0D  00  0E  
[TCP]>Tx > 16:06:31:768 : 04  06  00  00  00  06  01  03  00  00  00  1B  
[TCP]>Rx > 16:06:31:815 : 04  06  00  00  00  39  01  03  36  00  14  00  10  00  16  00  21  00  0D  00  14  00  15  00  0C  00  20  00  12  00  12  00  1F  00  14  00  15  00  0B  00  15  00  09  00  0D  00  0A  00  0C  00  15  00  10  00  0D  00  09  00  10  00  0D  00  10  
[TCP]>Tx > 16:06:36:767 : 04  07  00  00  00  06  01  03  00  00  00  1B  
[TCP]>Rx > 16:06:36:782 : 04  07  00  00  00  39  01  03  36  00  15  00  11  00  16  00  1D  00  0D  00  15  00  14  00  0B  00  1E  00  13  00  12  00  1C  00  11  00  0F  00  0A  00  15  00  0C  00  0E  00  0C  00  0C  00  15  00  10  00  0C  00  09  00  10  00  0E  00  10  
[TCP]>Tx > 16:06:41:765 : 04  08  00  00  00  06  01  03  00  00  00  1B  
[TCP]>Rx > 16:06:41:781 : 04  08  00  00  00  39  01  03  36  00  14  00  10  00  18  00  1E  00  0D  00  18  00  14  00  0E  00  22  00  11  00  13  00  21  00  11  00  14  00  09  00  14  00  0C  00  11  00  0D  00  0D  00  14  00  10  00  0D  00  09  00  10  00  0E  00  10  
[TCP]>Tx > 16:06:46:764 : 04  09  00  00  00  06  01  03  00  00  00  1B  
[TCP]>Rx > 16:06:46:780 : 04  09  00  00  00  39  01  03  36  00  14  00  11  00  18  00  20  00  0D  00  18  00  13  00  0C  00  1E  00  11  00  12  00  1C  00  11  00  11  00  05  00  17  00  0C  00  0E  00  0A  00  0E  00  14  00  0E  00  0D  00  09  00  10  00  0D  00  11  
[TCP]>Tx > 16:06:51:763 : 04  0A  00  00  00  06  01  03  00  00  00  1B  
[TCP]>Rx > 16:06:51:779 : 04  0A  00  00  00  39  01  03  36  00  13  00  10  00  18  00  21  00  0D  00  16  00  14  00  0C  00  1E  00  11  00  13  00  20  00  0F  00  13  00  0A  00  14  00  0A  00  0E  00  09  00  0D  00  14  00  10  00  0D  00  0A  00  11  00  0E  00  10  
[TCP]>Tx > 16:15:21:799 : 04  70  00  00  00  06  01  03  00  00  00  1B  
[TCP]>Rx > 16:15:21:815 : 04  70  00  00  00  39  01  03  36  00  14  00  11  00  17  00  1F  00  0E  00  19  00  14  00  0C  00  23  00  10  00  15  00  20  00  11  00  14  00  09  00  16  00  0A  00  10  00  0A  00  0D  00  15  00  10  00  0D  00  0A  00  10  00  0E  00  10  
[TCP]>Tx > 16:15:26:798 : 04  71  00  00  00  06  01  03  00  00  00  1B  
[TCP]>Rx > 16:15:26:845 : 04  71  00  00  00  39  01  03  36  00  15  00  10  00  17  00  21  00  0D  00  18  00  18  00  0E  00  20  00  12  00  11  00  20  00  10  00  11  00  09  00  15  00  0A  00  10  00  09  00  0D  00  15  00  10  00  0C  00  09  00  0E  00  0E  00  0E  
[TCP]>Tx > 16:15:31:797 : 04  72  00  00  00  06  01  03  00  00  00  1B  
[TCP]>Rx > 16:15:31:828 : 04  72  00  00  00  39  01  03  36  00  14  00  10  00  18  00  1B  00  0E  00  19  00  14  00  0C  00  1F  00  12  00  14  00  23  00  11  00  11  00  09  00  16  00  0A  00  10  00  09  00  0E  00  14  00  10  00  0C  00  09  00  10  00  0D  00  11  
[TCP]>Tx > 16:15:36:796 : 04  73  00  00  00  06  01  03  00  00  00  1B  
[TCP]>Rx > 16:15:36:827 : 04  73  00  00  00  39  01  03  36  00  14  00  12  00  16  00  21  00  0C  00  18  00  18  00  0D  00  22  00  12  00  12  00  1E  00  10  00  12  00  09  00  15  00  0A  00  0E  00  0A  00  0E  00  15  00  10  00  0D  00  09  00  11  00  0E  00  10  
[TCP]>Tx > 16:15:41:795 : 04  74  00  00  00  06  01  03  00  00  00  1B  
[TCP]>Rx > 16:15:41:826 : 04  74  00  00  00  39  01  03  36  00  14  00  12  00  1A  00  20  00  0D  00  19  00  15  00  0D  00  21  00  11  00  17  00  23  00  10  00  11  00  08  00  15  00  0C  00  0E  00  0A  00  0E  00  14  00  10  00  0E  00  08  00  0E  00  0E  00  0E  
[TCP]>Tx > 16:15:46:794 : 04  75  00  00  00  06  01  03  00  00  00  1B  
[TCP]>Rx > 16:15:46:809 : 04  75  00  00  00  39  01  03  36  00  15  00  10  00  19  00  1F  00  09  00  17  00  1D  00  0C  00  1F  00  12  00  12  00  1E  00  10  00  11  00  08  00  14  00  0A  00  10  00  0A  00  0E  00  14  00  10  00  0D  00  09  00  10  00  0E  00  11  
[TCP]>Tx > 16:15:51:792 : 04  76  00  00  00  06  01  03  00  00  00  1B  
[TCP]>Rx > 16:15:51:808 : 04  76  00  00  00  39  01  03  36  00  16  00  11  00  18  00  1E  00  0E  00  18  00  18  00  0E  00  1F  00  11  00  14  00  24  00  11  00  11  00  09  00  15  00  0C  00  10  00  09  00  10  00  14  00  10  00  0D  00  09  00  10  00  0E  00  10  
[TCP]>Tx > 16:15:56:791 : 04  77  00  00  00  06  01  03  00  00  00  1B  
[TCP]>Rx > 16:15:56:838 : 04  77  00  00  00  39  01  03  36  00  13  00  10  00  18  00  1A  00  0F  00  19  00  19  00  0C  00  1D  00  14  00  12  00  1E  00  11  00  11  00  08  00  15  00  0C  00  10  00  0A  00  0F  00  14  00  10  00  0C  00  08  00  10  00  0D  00  12  
[TCP]>Tx > 16:16:01:790 : 04  78  00  00  00  06  01  03  00  00  00  1B  
[TCP]>Rx > 16:16:01:821 : 04  78  00  00  00  39  01  03  36  00  16  00  12  00  1A  00  20  00  09  00  18  00  17  00  0D  00  20  00  11  00  14  00  24  00  10  00  12  00  08  00  14  00  0C  00  0E  00  0A  00  0E  00  12  00  0F  00  10  00  09  00  11  00  0D  00  11  
[TCP]>Tx > 16:16:06:804 : 04  79  00  00  00  06  01  03  00  00  00  1B  
[TCP]>Rx > 16:16:06:820 : 04  79  00  00  00  39  01  03  36  00  14  00  0F  00  19  00  21  00  0C  00  1A  00  17  00  0C  00  1D  00  12  00  12  00  20  00  10  00  11  00  08  00  15  00  0A  00  10  00  0A  00  0D  00  14  00  0F  00  0D  00  09  00  10  00  0F  00  12  
[TCP]>Tx > 16:16:11:803 : 04  7A  00  00  00  06  01  03  00  00  00  1B  
[TCP]>Rx > 16:16:11:819 : 04  7A  00  00  00  39  01  03  36  00  14  00  11  00  1B  00  1C  00  0D  00  18  00  15  00  0D  00  20  00  11  00  13  00  25  00  11  00  11  00  09  00  15  00  0C  00  10  00  0A  00  0C  00  14  00  10  00  0C  00  0A  00  11  00  10  00  10  
[TCP]>Tx > 16:16:16:802 : 04  7B  00  00  00  06  01  03  00  00  00  1B  
[TCP]>Rx > 16:16:16:833 : 04  7B  00  00  00  39  01  03  36  00  18  00  11  00  19  00  1C  00  0F  00  19  00  19  00  0C  00  1F  00  11  00  12  00  24  00  10  00  11  00  08  00  15  00  0C  00  0F  00  0A  00  0C  00  14  00  11  00  0C  00  09  00  0E  00  0C  00  12  
[TCP]>Tx > 16:16:21:801 : 04  7C  00  00  00  06  01  03  00  00  00  1B  
[TCP]>Rx > 16:16:21:832 : 04  7C  00  00  00  39  01  03  36  00  14  00  12  00  1A  00  20  00  0D  00  19  00  17  00  0D  00  21  00  11  00  14  00  20  00  10  00  12  00  09  00  16  00  0A  00  0D  00  0A  00  0C  00  16  00  10  00  0C  00  09  00  0E  00  0C  00  10  
[TCP]>Tx > 16:16:26:800 : 04  7D  00  00  00  06  01  03  00  00  00  1B  
[TCP]>Rx > 16:16:26:831 : 04  7D  00  00  00  39  01  03  36  00  15  00  10  00  19  00  1F  00  0D  00  18  00  15  00  0D  00  1D  00  11  00  12  00  20  00  11  00  11  00  09  00  15  00  0A  00  0E  00  09  00  0C  00  14  00  11  00  0C  00  09  00  10  00  0D  00  11  
[TCP]>Tx > 16:16:31:798 : 04  7E  00  00  00  06  01  03  00  00  00  1B  
[TCP]>Rx > 16:16:31:830 : 04  7E  00  00  00  39  01  03  36  00  14  00  10  00  19  00  1D  00  0D  00  18  00  15  00  0D  00  21  00  12  00  14  00  25  00  11  00  11  00  08  00  14  00  0C  00  10  00  09  00  0D  00  13  00  10  00  0C  00  0A  00  10  00  11  00  0E  
[TCP]>Tx > 16:16:36:797 : 04  7F  00  00  00  06  01  03  00  00  00  1B  
[TCP]>Rx > 16:16:36:797 : 04  7F  00  00  00  39  01  03  36  00  13  00  10  00  19  00  1D  00  0D  00  17  00  16  00  0C  00  1F  00  11  00  11  00  24  00  10  00  13  00  08  00  15  00  09  00  0D  00  09  00  0C  00  14  00  0D  00  0C  00  09  00  11  00  0E  00  10  
[TCP]>Tx > 16:16:41:796 : 04  80  00  00  00  06  01  03  00  00  00  1B  
[TCP]>Rx > 16:16:41:796 : 04  80  00  00  00  39  01  03  36  00  14  00  10  00  18  00  1E  00  0C  00  18  00  18  00  0D  00  20  00  11  00  15  00  21  00  11  00  12  00  09  00  16  00  0C  00  10  00  09  00  0D  00  13  00  10  00  0D  00  08  00  0E  00  0D  00  10  
[TCP]>Tx > 16:16:46:795 : 04  81  00  00  00  06  01  03  00  00  00  1B  
[TCP]>Rx > 16:16:46:795 : 04  81  00  00  00  39  01  03  36  00  15  00  11  00  18  00  1F  00  0D  00  18  00  18  00  0D  00  1D  00  12  00  12  00  22  00  11  00  11  00  08  00  15  00  0C  00  0D  00  09  00  0C  00  18  00  11  00  0D  00  08  00  10  00  0D  00  10  
[TCP]>Tx > 16:16:51:794 : 04  82  00  00  00  06  01  03  00  00  00  1B  
[TCP]>Rx > 16:16:51:809 : 04  82  00  00  00  39  01  03  36  00  16  00  11  00  16  00  1F  00  0D  00  1B  00  16  00  0C  00  21  00  13  00  13  00  22  00  11  00  11  00  08  00  14  00  0C  00  11  00  0D  00  0E  00  15  00  10  00  0D  00  09  00  10  00  0D  00  10  
[TCP]>Tx > 16:16:56:793 : 04  83  00  00  00  06  01  03  00  00  00  1B  
[TCP]>Rx > 16:16:56:808 : 04  83  00  00  00  39  01  03  36  00  15  00  11  00  16  00  1D  00  0D  00  1B  00  15  00  0D  00  1E  00  11  00  12  00  22  00  14  00  12  00  08  00  15  00  0C  00  0D  00  0A  00  0C  00  14  00  10  00  0C  00  0A  00  0F  00  0E  00  10  
[TCP]>Tx > 16:17:01:791 : 04  84  00  00  00  06  01  03  00  00  00  1B  
[TCP]>Rx > 16:17:01:807 : 04  84  00  00  00  39  01  03  36  00  15  00  11  00  18  00  1D  00  0D  00  18  00  18  00  0D  00  21  00  11  00  15  00  21  00  12  00  14  00  08  00  14  00  0D  00  10  00  09  00  0F  00  13  00  0E  00  0C  00  09  00  10  00  0D  00  10  
[TCP]>Tx > 16:17:06:790 : 04  85  00  00  00  06  01  03  00  00  00  1B  
[TCP]>Rx > 16:17:06:806 : 04  85  00  00  00  39  01  03  36  00  14  00  11  00  18  00  1F  00  0D  00  18  00  15  00  0D  00  1E  00  12  00  11  00  1E  00  11  00  12  00  09  00  15  00  09  00  11  00  08  00  0D  00  16  00  10  00  0D  00  09  00  0E  00  0E  00  11  
[TCP]>Tx > 16:17:11:796 : 04  86  00  00  00  06  01  03  00  00  00  1B  
[TCP]>Rx > 16:17:11:827 : 04  86  00  00  00  39  01  03  36  00  15  00  11  00  18  00  1D  00  0C  00  18  00  15  00  0D  00  21  00  10  00  14  00  20  00  0F  00  11  00  08  00  18  00  0C  00  10  00  08  00  0E  00  15  00  10  00  0C  00  09  00  11  00  0E  00  0E  
[TCP]>Tx > 16:17:16:795 : 04  87  00  00  00  06  01  03  00  00  00  1B  
[TCP]>Rx > 16:17:16:826 : 04  87  00  00  00  39  01  03  36  00  14  00  10  00  19  00  1D  00  0C  00  18  00  15  00  0C  00  20  00  11  00  12  00  20  00  10  00  14  00  08  00  16  00  0C  00  11  00  09  00  0D  00  14  00  10  00  0D  00  09  00  10  00  0D  00  11  
[TCP]>Tx > 16:17:21:794 : 04  88  00  00  00  06  01  03  00  00  00  1B  
[TCP]>Rx > 16:17:21:809 : 04  88  00  00  00  39  01  03  36  00  12  00  11  00  18  00  1B  00  0C  00  18  00  19  00  0B  00  20  00  12  00  15  00  1E  00  10  00  11  00  08  00  19  00  0A  00  10  00  09  00  0E  00  15  00  10  00  0C  00  09  00  10  00  0E  00  11  
[TCP]>Tx > 16:18:36:792 : 04  97  00  00  00  06  01  03  00  00  00  1B  
[TCP]>Rx > 16:18:36:792 : 04  97  00  00  00  39  01  03  36  00  15  00  10  00  18  00  1F  00  0D  00  19  00  16  00  0D  00  1F  00  11  00  12  00  1C  00  11  00  10  00  09  00  15  00  0A  00  10  00  0A  00  10  00  16  00  0F  00  11  00  08  00  10  00  0E  00  10  
[TCP]>Tx > 16:18:41:791 : 04  98  00  00  00  06  01  03  00  00  00  1B  
[TCP]>Rx > 16:18:41:806 : 04  98  00  00  00  39  01  03  36  00  15  00  0E  00  18  00  20  00  0D  00  19  00  16  00  0D  00  1F  00  11  00  14  00  1D  00  11  00  10  00  09  00  14  00  0C  00  10  00  0C  00  0E  00  15  00  12  00  0E  00  0A  00  11  00  0E  00  10  
[TCP]>Tx > 16:18:46:796 : 04  99  00  00  00  06  01  03  00  00  00  1B  
[TCP]>Rx > 16:18:46:805 : 04  99  00  00  00  39  01  03  36  00  12  00  10  00  18  00  20  00  0C  00  18  00  1A  00  0D  00  1D  00  11  00  13  00  1D  00  11  00  13  00  09  00  15  00  09  00  11  00  06  00  10  00  14  00  11  00  0C  00  0A  00  11  00  0E  00  0E  
[TCP]>Tx > 16:18:51:794 : 04  9A  00  00  00  06  01  03  00  00  00  1B  
[TCP]>Rx > 16:18:51:794 : 04  9A  00  00  00  39  01  03  36  00  14  00  11  00  18  00  22  00  0C  00  17  00  1B  00  0C  00  1F  00  11  00  15  00  1C  00  10  00  10  00  08  00  16  00  0C  00  12  00  09  00  10  00  16  00  11  00  0D  00  0A  00  10  00  0D  00  10  
[TCP]>Tx > 16:18:56:792 : 04  9B  00  00  00  06  01  03  00  00  00  1B  
[TCP]>Rx > 16:18:56:808 : 04  9B  00  00  00  39  01  03  36  00  15  00  11  00  16  00  23  00  0D  00  19  00  19  00  0D  00  1F  00  11  00  13  00  1D  00  11  00  11  00  08  00  16  00  0C  00  11  00  09  00  13  00  15  00  10  00  0D  00  09  00  10  00  0D  00  10  
[TCP]>Tx > 16:19:01:791 : 04  9C  00  00  00  06  01  03  00  00  00  1B  
[TCP]>Rx > 16:19:01:822 : 04  9C  00  00  00  39  01  03  36  00  14  00  11  00  16  00  1F  00  0C  00  1B  00  18  00  0C  00  1E  00  11  00  14  00  1B  00  12  00  12  00  09  00  16  00  0A  00  13  00  06  00  0D  00  16  00  12  00  0D  00  08  00  10  00  0E  00  10  
[TCP]>Tx > 16:19:06:790 : 04  9D  00  00  00  06  01  03  00  00  00  1B  
[TCP]>Rx > 16:19:06:806 : 04  9D  00  00  00  39  01  03  36  00  14  00  11  00  16  00  20  00  0D  00  1B  00  1A  00  0D  00  1F  00  11  00  13  00  1E  00  12  00  11  00  09  00  14  00  09  00  0E  00  09  00  0D  00  15  00  11  00  0D  00  09  00  10  00  0E  00  11  
[TCP]>Tx > 16:19:11:804 : 04  9E  00  00  00  06  01  03  00  00  00  1B  
[TCP]>Rx > 16:19:11:804 : 04  9E  00  00  00  39  01  03  36  00  14  00  12  00  18  00  20  00  0C  00  18  00  17  00  0C  00  1F  00  11  00  13  00  1D  00  11  00  11  00  0A  00  1A  00  0A  00  11  00  09  00  0E  00  14  00  0E  00  0D  00  09  00  10  00  0E  00  10  
[TCP]>Tx > 16:19:16:803 : 04  9F  00  00  00  06  01  03  00  00  00  1B  
[TCP]>Rx > 16:19:16:819 : 04  9F  00  00  00  39  01  03  36  00  15  00  11  00  18  00  20  00  0C  00  1B  00  17  00  0D  00  1F  00  11  00  13  00  20  00  12  00  12  00  0A  00  16  00  0A  00  0E  00  09  00  0E  00  15  00  10  00  0D  00  09  00  10  00  0D  00  10  
[TCP]>Tx > 16:19:21:818 : 04  A0  00  00  00  06  01  03  00  00  00  1B  
[TCP]>Rx > 16:19:21:818 : 04  A0  00  00  00  39  01  03  36  00  13  00  10  00  18  00  1F  00  0D  00  1B  00  19  00  0D  00  1D  00  12  00  11  00  20  00  11  00  11  00  05  00  18  00  0C  00  10  00  09  00  0C  00  14  00  10  00  0D  00  0A  00  10  00  0D  00  11  
[TCP]>Tx > 16:19:26:832 : 04  A1  00  00  00  06  01  03  00  00  00  1B  
[TCP]>Rx > 16:19:26:863 : 04  A1  00  00  00  39  01  03  36  00  12  00  10  00  18  00  1B  00  0C  00  1A  00  1A  00  0D  00  1F  00  11  00  14  00  1E  00  11  00  11  00  0A  00  15  00  0A  00  10  00  09  00  0E  00  15  00  0E  00  0C  00  09  00  10  00  0E  00  0E  
[TCP]>Tx > 16:19:31:831 : 04  A2  00  00  00  06  01  03  00  00  00  1B  
[TCP]>Rx > 16:19:31:862 : 04  A2  00  00  00  39  01  03  36  00  15  00  11  00  16  00  22  00  0D  00  1A  00  19  00  0E  00  20  00  11  00  14  00  1C  00  12  00  14  00  06  00  15  00  0C  00  10  00  0A  00  0E  00  15  00  10  00  0D  00  0A  00  10  00  0D  00  10  
[TCP]>Tx > 16:19:36:830 : 04  A3  00  00  00  06  01  03  00  00  00  1B  
[TCP]>Rx > 16:19:36:830 : 04  A3  00  00  00  39  01  03  36  00  15  00  11  00  16  00  20  00  0C  00  19  00  19  00  0D  00  22  00  11  00  15  00  21  00  11  00  11  00  09  00  16  00  0C  00  0E  00  09  00  0D  00  15  00  10  00  0D  00  08  00  10  00  0D  00  10  
[TCP]>Tx > 16:19:41:829 : 04  A4  00  00  00  06  01  03  00  00  00  1B  
[TCP]>Rx > 16:19:41:829 : 04  A4  00  00  00  39  01  03  36  00  14  00  11  00  15  00  20  00  0F  00  18  00  17  00  0E  00  20  00  10  00  12  00  1F  00  12  00  11  00  08  00  16  00  0C  00  0E  00  09  00  0E  00  14  00  0E  00  0D  00  09  00  10  00  0E  00  10  
[TCP]>Tx > 16:19:46:827 : 04  A5  00  00  00  06  01  03  00  00  00  1B  
[TCP]>Rx > 16:19:46:827 : 04  A5  00  00  00  39  01  03  36  00  15  00  12  00  17  00  20  00  0D  00  18  00  19  00  0E  00  20  00  14  00  13  00  22  00  14  00  11  00  09  00  15  00  0C  00  0E  00  09  00  0E  00  14  00  10  00  0D  00  09  00  0F  00  0D  00  11  
[TCP]>Tx > 16:19:51:826 : 04  A6  00  00  00  06  01  03  00  00  00  1B  
[TCP]>Rx > 16:19:51:826 : 04  A6  00  00  00  39  01  03  36  00  14  00  12  00  16  00  21  00  0E  00  19  00  15  00  0E  00  20  00  12  00  14  00  1E  00  11  00  12  00  09  00  16  00  0A  00  0E  00  0A  00  0E  00  13  00  10  00  0D  00  09  00  10  00  0D  00  10  
[TCP]>Tx > 16:19:56:825 : 04  A7  00  00  00  06  01  03  00  00  00  1B  
[TCP]>Rx > 16:19:56:856 : 04  A7  00  00  00  39  01  03  36  00  17  00  11  00  18  00  20  00  0C  00  19  00  18  00  0B  00  21  00  12  00  14  00  20  00  11  00  12  00  09  00  16  00  0A  00  0E  00  0A  00  0E  00  12  00  10  00  0D  00  09  00  10  00  0D  00  10  
[TCP]>Tx > 16:20:01:824 : 04  A8  00  00  00  06  01  03  00  00  00  1B  
[TCP]>Rx > 16:20:01:839 : 04  A8  00  00  00  39  01  03  36  00  13  00  10  00  19  00  20  00  0C  00  1C  00  19  00  0C  00  1B  00  12  00  14  00  1E  00  10  00  12  00  08  00  15  00  0C  00  10  00  0A  00  0E  00  14  00  10  00  0D  00  09  00  11  00  0D  00  11  
[TCP]>Tx > 16:20:06:823 : 04  A9  00  00  00  06  01  03  00  00  00  1B  
[TCP]>Rx > 16:20:06:838 : 04  A9  00  00  00  39  01  03  36  00  14  00  12  00  14  00  1D  00  0D  00  1A  00  1C  00  0E  00  21  00  11  00  14  00  21  00  11  00  11  00  08  00  14  00  0A  00  10  00  0A  00  0E  00  14  00  10  00  0D  00  09  00  10  00  0E  00  0E  
[TCP]>Tx > 16:20:11:821 : 04  AA  00  00  00  06  01  03  00  00  00  1B  
[TCP]>Rx > 16:20:11:837 : 04  AA  00  00  00  39  01  03  36  00  14  00  11  00  1A  00  21  00  0C  00  19  00  19  00  0C  00  1F  00  12  00  12  00  20  00  11  00  12  00  08  00  15  00  0A  00  10  00  09  00  0D  00  14  00  10  00  0D  00  09  00  11  00  0C  00  0E  
[TCP]>Tx > 16:20:16:820 : 04  AB  00  00  00  06  01  03  00  00  00  1B  
[TCP]>Rx > 16:20:16:820 : 04  AB  00  00  00  39  01  03  36  00  11  00  12  00  14  00  25  00  0D  00  1A  00  17  00  0C  00  20  00  12  00  14  00  20  00  10  00  11  00  09  00  15  00  0A  00  10  00  0A  00  0C  00  14  00  10  00  0C  00  09  00  10  00  0D  00  11  
[TCP]>Tx > 16:20:21:835 : 04  AC  00  00  00  06  01  03  00  00  00  1B  
[TCP]>Rx > 16:20:21:866 : 04  AC  00  00  00  39  01  03  36  00  15  00  10  00  18  00  20  00  0C  00  1B  00  19  00  0C  00  1D  00  12  00  12  00  26  00  11  00  12  00  09  00  15  00  0A  00  0E  00  0A  00  0C  00  15  00  10  00  0D  00  0A  00  11  00  11  00  12  
[TCP]>Tx > 16:20:26:834 : 04  AD  00  00  00  06  01  03  00  00  00  1B  
[TCP]>Rx > 16:20:26:849 : 04  AD  00  00  00  39  01  03  36  00  15  00  11  00  16  00  1D  00  0C  00  1A  00  19  00  0C  00  20  00  12  00  14  00  23  00  13  00  12  00  09  00  15  00  0B  00  0F  00  0B  00  0C  00  16  00  10  00  0D  00  0B  00  0E  00  0C  00  11  
[TCP]>Tx > 16:20:31:832 : 04  AE  00  00  00  06  01  03  00  00  00  1B  
[TCP]>Rx > 16:20:31:848 : 04  AE  00  00  00  39  01  03  36  00  16  00  13  00  18  00  1E  00  0C  00  1B  00  15  00  0C  00  1F  00  12  00  12  00  21  00  11  00  12  00  08  00  15  00  0C  00  10  00  08  00  0D  00  15  00  14  00  0E  00  0A  00  11  00  0E  00  0D  
[TCP]>Tx > 16:20:36:831 : 04  AF  00  00  00  06  01  03  00  00  00  1B  
[TCP]>Rx > 16:20:36:831 : 04  AF  00  00  00  39  01  03  36  00  15  00  13  00  17  00  1F  00  0D  00  1B  00  18  00  0C  00  20  00  11  00  14  00  24  00  12  00  11  00  07  00  15  00  0A  00  10  00  0A  00  0E  00  15  00  10  00  0D  00  08  00  10  00  0E  00  11  
[TCP]>Tx > 16:20:01:824 : 04  A8  00  00  00  06  01  03  00  00  00  1B  
[TCP]>Rx > 16:20:01:839 : 04  A8  00  00  00  39  01  03  36  00  13  00  10  00  19  00  20  00  0C  00  1C  00  19  00  0C  00  1B  00  12  00  14  00  1E  00  10  00  12  00  08  00  15  00  0C  00  10  00  0A  00  0E  00  14  00  10  00  0D  00  09  00  11  00  0D  00  11  
[TCP]>Tx > 16:20:06:823 : 04  A9  00  00  00  06  01  03  00  00  00  1B  
[TCP]>Rx > 16:20:06:838 : 04  A9  00  00  00  39  01  03  36  00  14  00  12  00  14  00  1D  00  0D  00  1A  00  1C  00  0E  00  21  00  11  00  14  00  21  00  11  00  11  00  08  00  14  00  0A  00  10  00  0A  00  0E  00  14  00  10  00  0D  00  09  00  10  00  0E  00  0E  
[TCP]>Tx > 16:20:11:821 : 04  AA  00  00  00  06  01  03  00  00  00  1B  
[TCP]>Rx > 16:20:11:837 : 04  AA  00  00  00  39  01  03  36  00  14  00  11  00  1A  00  21  00  0C  00  19  00  19  00  0C  00  1F  00  12  00  12  00  20  00  11  00  12  00  08  00  15  00  0A  00  10  00  09  00  0D  00  14  00  10  00  0D  00  09  00  11  00  0C  00  0E  
[TCP]>Tx > 16:20:16:820 : 04  AB  00  00  00  06  01  03  00  00  00  1B  
[TCP]>Rx > 16:20:16:820 : 04  AB  00  00  00  39  01  03  36  00  11  00  12  00  14  00  25  00  0D  00  1A  00  17  00  0C  00  20  00  12  00  14  00  20  00  10  00  11  00  09  00  15  00  0A  00  10  00  0A  00  0C  00  14  00  10  00  0C  00  09  00  10  00  0D  00  11  
[TCP]>Tx > 16:20:21:835 : 04  AC  00  00  00  06  01  03  00  00  00  1B  
[TCP]>Rx > 16:20:21:866 : 04  AC  00  00  00  39  01  03  36  00  15  00  10  00  18  00  20  00  0C  00  1B  00  19  00  0C  00  1D  00  12  00  12  00  26  00  11  00  12  00  09  00  15  00  0A  00  0E  00  0A  00  0C  00  15  00  10  00  0D  00  0A  00  11  00  11  00  12  
[TCP]>Tx > 16:20:26:834 : 04  AD  00  00  00  06  01  03  00  00  00  1B  
[TCP]>Rx > 16:20:26:849 : 04  AD  00  00  00  39  01  03  36  00  15  00  11  00  16  00  1D  00  0C  00  1A  00  19  00  0C  00  20  00  12  00  14  00  23  00  13  00  12  00  09  00  15  00  0B  00  0F  00  0B  00  0C  00  16  00  10  00  0D  00  0B  00  0E  00  0C  00  11  
[TCP]>Tx > 16:20:31:832 : 04  AE  00  00  00  06  01  03  00  00  00  1B  
[TCP]>Rx > 16:20:31:848 : 04  AE  00  00  00  39  01  03  36  00  16  00  13  00  18  00  1E  00  0C  00  1B  00  15  00  0C  00  1F  00  12  00  12  00  21  00  11  00  12  00  08  00  15  00  0C  00  10  00  08  00  0D  00  15  00  14  00  0E  00  0A  00  11  00  0E  00  0D  
[TCP]>Tx > 16:20:36:831 : 04  AF  00  00  00  06  01  03  00  00  00  1B  
[TCP]>Rx > 16:20:36:831 : 04  AF  00  00  00  39  01  03  36  00  15  00  13  00  17  00  1F  00  0D  00  1B  00  18  00  0C  00  20  00  11  00  14  00  24  00  12  00  11  00  07  00  15  00  0A  00  10  00  0A  00  0E  00  15  00  10  00  0D  00  08  00  10  00  0E  00  11  
[TCP]>Tx > 16:20:41:830 : 04  B0  00  00  00  06  01  03  00  00  00  1B  
[TCP]>Rx > 16:20:41:830 : 04  B0  00  00  00  39  01  03  36  00  13  00  12  00  18  00  1C  00  0C  00  18  00  15  00  0C  00  1D  00  11  00  12  00  1E  00  10  00  11  00  09  00  14  00  0A  00  0E  00  09  00  0E  00  16  00  11  00  0D  00  0A  00  10  00  0C  00  10  
[TCP]>Tx > 16:20:46:829 : 04  B1  00  00  00  06  01  03  00  00  00  1B  
[TCP]>Rx > 16:20:46:860 : 04  B1  00  00  00  39  01  03  36  00  11  00  11  00  18  00  20  00  0C  00  1B  00  18  00  0D  00  21  00  11  00  14  00  20  00  11  00  12  00  09  00  14  00  09  00  0E  00  0B  00  0E  00  1A  00  10  00  0C  00  09  00  11  00  0E  00  11  
[TCP]>Tx > 16:20:51:828 : 04  B2  00  00  00  06  01  03  00  00  00  1B  
[TCP]>Rx > 16:20:51:859 : 04  B2  00  00  00  39  01  03  36  00  13  00  12  00  16  00  20  00  0D  00  19  00  1B  00  0C  00  1F  00  11  00  12  00  1F  00  10  00  12  00  0A  00  14  00  0C  00  11  00  0A  00  0C  00  14  00  11  00  0E  00  08  00  10  00  0E  00  10  
[TCP]>Tx > 16:20:56:827 : 04  B3  00  00  00  06  01  03  00  00  00  1B  
[TCP]>Rx > 16:20:56:858 : 04  B3  00  00  00  39  01  03  36  00  15  00  12  00  16  00  21  00  0D  00  19  00  17  00  0C  00  20  00  11  00  14  00  24  00  11  00  11  00  08  00  14  00  0A  00  10  00  06  00  0D  00  16  00  10  00  0E  00  09  00  10  00  0D  00  10  
[TCP]>Tx > 16:21:01:825 : 04  B4  00  00  00  06  01  03  00  00  00  1B  
[TCP]>Rx > 16:21:01:857 : 04  B4  00  00  00  39  01  03  36  00  14  00  10  00  16  00  20  00  0C  00  1B  00  17  00  0C  00  1D  00  11  00  11  00  20  00  10  00  11  00  06  00  13  00  0B  00  0E  00  07  00  0C  00  15  00  11  00  0D  00  08  00  10  00  0D  00  0E  
[TCP]>Tx > 16:21:06:824 : 04  B5  00  00  00  06  01  03  00  00  00  1B  
[TCP]>Rx > 16:21:06:871 : 04  B5  00  00  00  39  01  03  36  00  15  00  12  00  16  00  20  00  0C  00  19  00  18  00  0C  00  20  00  12  00  14  00  25  00  11  00  12  00  09  00  15  00  0D  00  0E  00  09  00  0D  00  15  00  11  00  0E  00  08  00  11  00  0D  00  11  
[TCP]>Tx > 16:21:11:823 : 04  B6  00  00  00  06  01  03  00  00  00  1B  
[TCP]>Rx > 16:21:11:870 : 04  B6  00  00  00  39  01  03  36  00  14  00  10  00  16  00  1F  00  0D  00  1C  00  1B  00  0C  00  1E  00  11  00  11  00  1F  00  12  00  15  00  0A  00  13  00  0D  00  10  00  0B  00  0D  00  16  00  11  00  0D  00  09  00  11  00  0D  00  10  
[TCP]>Tx > 16:21:16:822 : 04  B7  00  00  00  06  01  03  00  00  00  1B  
[TCP]>Rx > 16:21:16:853 : 04  B7  00  00  00  39  01  03  36  00  14  00  11  00  18  00  1E  00  0C  00  1B  00  17  00  0D  00  21  00  11  00  14  00  24  00  16  00  11  00  05  00  15  00  0C  00  15  00  09  00  0D  00  15  00  10  00  0D  00  09  00  10  00  0D  00  10  
[TCP]>Tx > 16:21:21:821 : 04  B8  00  00  00  06  01  03  00  00  00  1B  
[TCP]>Rx > 16:21:21:821 : 04  B8  00  00  00  39  01  03  36  00  15  00  11  00  18  00  1F  00  0C  00  1A  00  15  00  0C  00  1D  00  10  00  12  00  20  00  10  00  11  00  09  00  18  00  0C  00  10  00  09  00  0E  00  15  00  10  00  0D  00  0A  00  0E  00  0E  00  11  
[TCP]>Tx > 16:21:26:851 : 04  B9  00  00  00  06  01  03  00  00  00  1B  
[TCP]>Rx > 16:21:26:882 : 04  B9  00  00  00  39  01  03  36  00  13  00  10  00  18  00  1E  00  0D  00  1B  00  16  00  0C  00  23  00  11  00  14  00  24  00  0F  00  10  00  09  00  16  00  0A  00  10  00  08  00  0D  00  16  00  10  00  0D  00  09  00  11  00  0D  00  10  
[TCP]>Tx > 16:21:31:850 : 04  BA  00  00  00  06  01  03  00  00  00  1B  
[TCP]>Rx > 16:21:31:881 : 04  BA  00  00  00  39  01  03  36  00  12  00  11  00  18  00  1C  00  0C  00  19  00  16  00  0C  00  1F  00  12  00  11  00  20  00  11  00  11  00  06  00  14  00  0A  00  0D  00  09  00  0E  00  14  00  10  00  0D  00  09  00  10  00  0D  00  10  
[TCP]>Tx > 16:21:36:849 : 04  BB  00  00  00  06  01  03  00  00  00  1B  
[TCP]>Rx > 16:21:36:864 : 04  BB  00  00  00  39  01  03  36  00  12  00  11  00  17  00  20  00  0D  00  19  00  19  00  0D  00  20  00  10  00  15  00  1C  00  10  00  10  00  09  00  15  00  0C  00  0E  00  09  00  0E  00  14  00  10  00  0D  00  09  00  10  00  0D  00  10  
[TCP]>Tx > 16:21:41:847 : 04  BC  00  00  00  06  01  03  00  00  00  1B  
[TCP]>Rx > 16:21:41:879 : 04  BC  00  00  00  39  01  03  36  00  14  00  10  00  16  00  21  00  0D  00  1B  00  19  00  0D  00  1D  00  0F  00  10  00  1C  00  10  00  11  00  09  00  15  00  0A  00  0E  00  0A  00  0E  00  13  00  0E  00  0D  00  09  00  10  00  0D  00  0F  
[TCP]>Tx > 16:21:46:846 : 04  BD  00  00  00  06  01  03  00  00  00  1B  
[TCP]>Rx > 16:21:46:893 : 04  BD  00  00  00  39  01  03  36  00  14  00  11  00  17  00  20  00  0C  00  1C  00  18  00  0D  00  1E  00  14  00  12  00  23  00  11  00  10  00  0D  00  16  00  0C  00  0D  00  09  00  0D  00  13  00  10  00  0C  00  08  00  0F  00  0D  00  10  
[TCP]>Tx > 16:21:51:845 : 04  BE  00  00  00  06  01  03  00  00  00  1B  
[TCP]>Rx > 16:21:51:876 : 04  BE  00  00  00  39  01  03  36  00  14  00  12  00  14  00  1E  00  0C  00  1A  00  18  00  0D  00  20  00  10  00  14  00  20  00  0F  00  10  00  09  00  15  00  0A  00  0E  00  0A  00  10  00  14  00  10  00  0D  00  09  00  10  00  0D  00  10  
[TCP]>Tx > 16:21:56:844 : 04  BF  00  00  00  06  01  03  00  00  00  1B  
[TCP]>Rx > 16:21:56:875 : 04  BF  00  00  00  39  01  03  36  00  14  00  10  00  19  00  20  00  0A  00  19  00  1A  00  0D  00  20  00  10  00  12  00  1D  00  10  00  10  00  08  00  15  00  0C  00  10  00  0A  00  0D  00  14  00  10  00  0D  00  09  00  10  00  0D  00  10  
[TCP]>Tx > 16:22:01:843 : 04  C0  00  00  00  06  01  03  00  00  00  1B  
[TCP]>Rx > 16:22:01:858 : 04  C0  00  00  00  39  01  03  36  00  14  00  10  00  18  00  1E  00  0A  00  1B  00  17  00  0E  00  20  00  11  00  13  00  1D  00  11  00  11  00  08  00  15  00  0A  00  10  00  0A  00  0D  00  12  00  10  00  0D  00  09  00  10  00  0D  00  11  
[TCP]>Tx > 16:26:51:846 : 04  FA  00  00  00  06  01  03  00  00  00  1B  
[TCP]>Rx > 16:26:51:877 : 04  FA  00  00  00  39  01  03  36  00  15  00  11  00  16  00  1F  00  0C  00  1B  00  16  00  0D  00  1E  00  11  00  12  00  1C  00  10  00  11  00  08  00  15  00  0C  00  10  00  0A  00  0D  00  14  00  0E  00  0D  00  0C  00  10  00  0D  00  10  
[TCP]>Tx > 16:26:56:845 : 04  FB  00  00  00  06  01  03  00  00  00  1B  
[TCP]>Rx > 16:26:56:876 : 04  FB  00  00  00  39  01  03  36  00  17  00  10  00  19  00  1C  00  0E  00  1C  00  17  00  0D  00  21  00  11  00  12  00  1F  00  11  00  11  00  09  00  15  00  0C  00  10  00  09  00  0D  00  15  00  0D  00  0E  00  0A  00  12  00  0C  00  11  
[TCP]>Tx > 16:27:01:843 : 04  FC  00  00  00  06  01  03  00  00  00  1B  
[TCP]>Rx > 16:27:01:874 : 04  FC  00  00  00  39  01  03  36  00  16  00  12  00  18  00  1E  00  0D  00  1C  00  16  00  0C  00  1D  00  11  00  11  00  1C  00  10  00  13  00  09  00  14  00  0A  00  12  00  09  00  0C  00  13  00  0E  00  0F  00  09  00  10  00  0D  00  0E  
[TCP]>Tx > 16:27:06:842 : 04  FD  00  00  00  06  01  03  00  00  00  1B  
[TCP]>Rx > 16:27:06:873 : 04  FD  00  00  00  39  01  03  36  00  14  00  10  00  19  00  20  00  0C  00  19  00  18  00  0C  00  20  00  11  00  14  00  20  00  10  00  11  00  09  00  15  00  0D  00  16  00  0A  00  10  00  16  00  0E  00  0F  00  09  00  10  00  0E  00  10  
[TCP]>Tx > 16:27:11:841 : 04  FE  00  00  00  06  01  03  00  00  00  1B  
[TCP]>Rx > 16:27:11:857 : 04  FE  00  00  00  39  01  03  36  00  14  00  11  00  18  00  1F  00  0D  00  19  00  18  00  0D  00  1E  00  11  00  12  00  1B  00  0E  00  11  00  09  00  16  00  0A  00  0E  00  0B  00  11  00  16  00  12  00  0C  00  09  00  10  00  0D  00  10  
[TCP]>Tx > 16:27:16:840 : 04  FF  00  00  00  06  01  03  00  00  00  1B  
[TCP]>Rx > 16:27:16:855 : 04  FF  00  00  00  39  01  03  36  00  14  00  11  00  18  00  1F  00  0D  00  1B  00  1A  00  0C  00  20  00  11  00  14  00  1F  00  11  00  11  00  08  00  16  00  0A  00  10  00  08  00  0D  00  12  00  10  00  0C  00  09  00  10  00  0E  00  10  
[TCP]>Tx > 16:27:21:839 : 05  00  00  00  00  06  01  03  00  00  00  1B  
[TCP]>Rx > 16:27:21:885 : 05  00  00  00  00  39  01  03  36  00  14  00  11  00  16  00  21  00  0D  00  1A  00  19  00  0C  00  1D  00  11  00  13  00  1D  00  0E  00  12  00  0A  00  14  00  09  00  10  00  0A  00  0D  00  14  00  10  00  0D  00  08  00  0E  00  0D  00  10  
[TCP]>Tx > 16:27:26:838 : 05  01  00  00  00  06  01  03  00  00  00  1B  
[TCP]>Rx > 16:27:26:884 : 05  01  00  00  00  39  01  03  36  00  14  00  11  00  16  00  1F  00  0D  00  1C  00  17  00  0D  00  21  00  11  00  13  00  1F  00  0F  00  12  00  06  00  14  00  09  00  0E  00  09  00  10  00  13  00  0E  00  0D  00  09  00  10  00  0E  00  10  
[TCP]>Tx > 16:27:31:836 : 05  02  00  00  00  06  01  03  00  00  00  1B  
[TCP]>Rx > 16:27:31:868 : 05  02  00  00  00  39  01  03  36  00  14  00  11  00  16  00  1D  00  0C  00  1C  00  18  00  0D  00  1F  00  11  00  12  00  1B  00  10  00  12  00  09  00  16  00  0C  00  10  00  0D  00  0E  00  13  00  10  00  0D  00  09  00  10  00  0E  00  0E  
[TCP]>Tx > 16:27:36:851 : 05  03  00  00  00  06  01  03  00  00  00  1B  
[TCP]>Rx > 16:27:36:866 : 05  03  00  00  00  39  01  03  36  00  15  00  11  00  18  00  1C  00  0D  00  1C  00  15  00  0C  00  21  00  12  00  12  00  20  00  10  00  12  00  09  00  14  00  0C  00  0E  00  0C  00  0F  00  15  00  10  00  0D  00  09  00  0E  00  0D  00  11  
[TCP]>Tx > 16:27:41:850 : 05  04  00  00  00  06  01  03  00  00  00  1B  
[TCP]>Rx > 16:27:41:896 : 05  04  00  00  00  39  01  03  36  00  14  00  10  00  18  00  1D  00  0C  00  1C  00  15  00  0C  00  1D  00  11  00  14  00  1D  00  10  00  14  00  0A  00  19  00  0A  00  0E  00  0B  00  0E  00  12  00  10  00  0D  00  09  00  10  00  0D  00  10  
[TCP]>Tx > 16:27:46:848 : 05  05  00  00  00  06  01  03  00  00  00  1B  
[TCP]>Rx > 16:27:46:895 : 05  05  00  00  00  39  01  03  36  00  14  00  10  00  19  00  20  00  0C  00  1C  00  19  00  0D  00  24  00  15  00  14  00  1E  00  12  00  11  00  09  00  18  00  0D  00  10  00  09  00  0C  00  13  00  10  00  0D  00  09  00  10  00  0D  00  10  
[TCP]>Tx > 16:27:51:847 : 05  06  00  00  00  06  01  03  00  00  00  1B  
[TCP]>Rx > 16:27:51:878 : 05  06  00  00  00  39  01  03  36  00  13  00  0E  00  19  00  1F  00  0C  00  18  00  15  00  0C  00  1F  00  11  00  12  00  22  00  11  00  13  00  0C  00  15  00  0C  00  0E  00  0A  00  0C  00  14  00  10  00  0C  00  09  00  10  00  0E  00  10  
[TCP]>Tx > 16:27:56:846 : 05  07  00  00  00  06  01  03  00  00  00  1B  
[TCP]>Rx > 16:27:56:877 : 05  07  00  00  00  39  01  03  36  00  13  00  10  00  18  00  1C  00  0C  00  19  00  16  00  0A  00  20  00  11  00  15  00  20  00  14  00  10  00  09  00  14  00  0C  00  0E  00  0A  00  0D  00  12  00  10  00  0D  00  09  00  10  00  0E  00  10  
[TCP]>Tx > 16:28:01:845 : 05  08  00  00  00  06  01  03  00  00  00  1B  
[TCP]>Rx > 16:28:01:860 : 05  08  00  00  00  39  01  03  36  00  11  00  11  00  18  00  1F  00  0C  00  1B  00  18  00  0D  00  20  00  12  00  12  00  1C  00  0E  00  12  00  08  00  15  00  0D  00  0E  00  0A  00  0C  00  14  00  0E  00  0D  00  09  00  10  00  0E  00  10  
[TCP]>Tx > 16:28:06:844 : 05  09  00  00  00  06  01  03  00  00  00  1B  
[TCP]>Rx > 16:28:06:844 : 05  09  00  00  00  39  01  03  36  00  15  00  11  00  19  00  21  00  0E  00  1C  00  18  00  0E  00  21  00  11  00  14  00  1B  00  11  00  12  00  08  00  15  00  0A  00  0E  00  0A  00  0B  00  15  00  10  00  0D  00  09  00  0E  00  0E  00  11  
[TCP]>Tx > 16:28:11:842 : 05  0A  00  00  00  06  01  03  00  00  00  1B  
[TCP]>Rx > 16:28:11:842 : 05  0A  00  00  00  39  01  03  36  00  14  00  10  00  18  00  1D  00  0E  00  1C  00  18  00  0F  00  1F  00  11  00  11  00  1E  00  0E  00  12  00  08  00  15  00  0C  00  0E  00  09  00  0C  00  15  00  10  00  0D  00  09  00  10  00  0D  00  0E  
[TCP]>Tx > 16:28:16:841 : 05  0B  00  00  00  06  01  03  00  00  00  1B  
[TCP]>Rx > 16:28:16:857 : 05  0B  00  00  00  39  01  03  36  00  14  00  11  00  16  00  1D  00  0D  00  1C  00  14  00  0A  00  21  00  11  00  14  00  1B  00  10  00  11  00  09  00  15  00  0A  00  0E  00  0A  00  0D  00  15  00  10  00  0D  00  09  00  0E  00  0E  00  11  
[TCP]>Tx > 16:28:21:840 : 05  0C  00  00  00  06  01  03  00  00  00  1B  
[TCP]>Rx > 16:28:21:856 : 05  0C  00  00  00  39  01  03  36  00  14  00  11  00  19  00  1E  00  0C  00  1C  00  15  00  0C  00  20  00  15  00  12  00  1C  00  10  00  11  00  08  00  15  00  0C  00  0E  00  09  00  0E  00  14  00  10  00  0C  00  0A  00  10  00  0E  00  10  
[TCP]>Tx > 16:28:26:839 : 05  0D  00  00  00  06  01  03  00  00  00  1B  
[TCP]>Rx > 16:28:26:854 : 05  0D  00  00  00  39  01  03  36  00  14  00  15  00  1A  00  1D  00  0D  00  1B  00  14  00  0A  00  21  00  11  00  13  00  1C  00  11  00  11  00  09  00  15  00  0A  00  10  00  09  00  10  00  15  00  10  00  0D  00  09  00  10  00  0E  00  10  
[TCP]>Tx > 16:28:31:838 : 05  0E  00  00  00  06  01  03  00  00  00  1B  
[TCP]>Rx > 16:28:31:853 : 05  0E  00  00  00  39  01  03  36  00  15  00  0F  00  18  00  21  00  0E  00  1A  00  18  00  0C  00  1F  00  11  00  12  00  1F  00  0E  00  11  00  08  00  15  00  0A  00  0E  00  09  00  10  00  14  00  10  00  0D  00  0A  00  10  00  0D  00  10  
[TCP]>Tx > 16:28:36:837 : 05  0F  00  00  00  06  01  03  00  00  00  1B  
[TCP]>Rx > 16:28:36:868 : 05  0F  00  00  00  39  01  03  36  00  11  00  11  00  19  00  21  00  0D  00  19  00  15  00  0C  00  20  00  11  00  13  00  1C  00  11  00  11  00  08  00  15  00  0C  00  0E  00  09  00  0E  00  15  00  0F  00  0D  00  09  00  10  00  0D  00  0F  
[TCP]>Tx > 16:28:41:851 : 05  10  00  00  00  06  01  03  00  00  00  1B  
[TCP]>Rx > 16:28:41:867 : 05  10  00  00  00  39  01  03  36  00  15  00  11  00  19  00  1F  00  0A  00  18  00  15  00  0C  00  20  00  11  00  10  00  1F  00  0E  00  10  00  09  00  15  00  0C  00  0E  00  09  00  0E  00  14  00  10  00  0D  00  08  00  0E  00  0D  00  0F  
[TCP]>Tx > 16:28:46:850 : 05  11  00  00  00  06  01  03  00  00  00  1B  
[TCP]>Rx > 16:28:46:865 : 05  11  00  00  00  39  01  03  36  00  16  00  11  00  19  00  1F  00  0A  00  18  00  18  00  0D  00  20  00  12  00  12  00  1D  00  11  00  11  00  08  00  15  00  0C  00  0E  00  08  00  0D  00  14  00  12  00  11  00  0A  00  11  00  0E  00  11  
[TCP]>Tx > 16:28:51:849 : 05  12  00  00  00  06  01  03  00  00  00  1B  
[TCP]>Rx > 16:28:51:864 : 05  12  00  00  00  39  01  03  36  00  13  00  11  00  19  00  1F  00  0C  00  19  00  18  00  0C  00  1F  00  12  00  12  00  1D  00  0E  00  11  00  09  00  14  00  0A  00  10  00  09  00  0D  00  14  00  15  00  0E  00  0A  00  11  00  0C  00  13  
